400
0	1.876178e+00	9.279203e-01	3.556216e+00	0.000000e+00	0.000000e+00
1	1.326404e+00	8.657723e-01	3.034418e+00	0.000000e+00	0.000000e+00
2	3.460531e+00	1.139724e+00	3.338669e+00	0.000000e+00	0.000000e+00
3	1.008441e+00	8.682903e-01	1.355697e+00	0.000000e+00	0.000000e+00
4	1.206822e+00	3.054021e+00	9.346481e-01	0.000000e+00	0.000000e+00
5	6.311610e-01	3.923380e+00	2.469481e-01	0.000000e+00	0.000000e+00
6	2.456040e+00	2.671696e+00	3.202078e+00	0.000000e+00	0.000000e+00
7	1.319237e+00	4.213304e-01	1.299219e+00	0.000000e+00	0.000000e+00
8	3.973448e+00	1.746279e+00	1.710342e+00	0.000000e+00	0.000000e+00
9	1.721220e+00	5.480236e-01	2.632652e+00	0.000000e+00	0.000000e+00
10	2.977044e+00	3.172823e+00	1.634977e+00	0.000000e+00	0.000000e+00
11	3.052908e+00	2.223740e+00	2.401082e+00	0.000000e+00	0.000000e+00
12	2.988132e+00	1.526752e+00	1.176628e-01	0.000000e+00	0.000000e+00
13	1.559064e+00	3.191774e+00	1.396549e-01	0.000000e+00	0.000000e+00
14	3.180484e+00	2.388863e+00	1.614685e+00	0.000000e+00	0.000000e+00
15	2.015925e+00	1.647193e+00	3.788325e-01	0.000000e+00	0.000000e+00
16	3.037118e+00	8.360353e-01	3.244762e+00	0.000000e+00	0.000000e+00
17	2.718742e+00	1.901103e+00	3.839876e+00	0.000000e+00	0.000000e+00
18	7.953332e-01	3.165461e+00	1.901268e+00	0.000000e+00	0.000000e+00
19	2.616108e+00	9.318457e-01	1.530192e+00	0.000000e+00	0.000000e+00
20	1.945265e+00	2.072701e+00	3.886093e+00	0.000000e+00	0.000000e+00
21	1.572813e+00	2.268550e+00	3.528151e+00	0.000000e+00	0.000000e+00
22	1.627685e+00	4.977569e-01	1.799381e+00	0.000000e+00	0.000000e+00
23	2.203446e+00	1.323308e+00	8.366329e-01	0.000000e+00	0.000000e+00
24	1.289563e+00	1.682161e+00	8.550625e-02	0.000000e+00	0.000000e+00
25	1.103594e+00	1.027933e-01	3.646909e+00	0.000000e+00	0.000000e+00
26	1.596216e+00	3.610161e+00	3.979695e+00	0.000000e+00	0.000000e+00
27	2.735645e+00	1.987632e+00	2.131930e+00	0.000000e+00	0.000000e+00
28	3.345353e+00	1.355502e+00	1.924818e+00	0.000000e+00	0.000000e+00
29	2.419488e+00	3.315750e-01	7.810387e-01	0.000000e+00	0.000000e+00
30	2.916837e+00	3.274243e+00	2.202142e+00	0.000000e+00	0.000000e+00
31	3.394948e+00	2.895697e+00	3.983939e+00	0.000000e+00	0.000000e+00
32	2.058131e+00	3.004760e+00	9.936254e-01	0.000000e+00	0.000000e+00
33	3.862585e+00	2.466763e+00	2.885745e+00	0.000000e+00	0.000000e+00
34	7.115120e-01	2.382868e+00	8.570683e-01	0.000000e+00	0.000000e+00
35	7.468350e-01	5.661584e-02	3.542434e+00	0.000000e+00	0.000000e+00
36	1.690605e+00	1.996145e+00	1.210263e+00	0.000000e+00	0.000000e+00
37	8.900135e-01	2.456794e+00	3.334386e+00	0.000000e+00	0.000000e+00
38	1.029479e+00	2.461493e+00	2.319576e+00	0.000000e+00	0.000000e+00
39	1.116524e+00	1.426886e+00	1.677172e+00	0.000000e+00	0.000000e+00
40	2.367287e-01	2.699636e+00	7.883969e-01	0.000000e+00	0.000000e+00
41	2.585931e+00	1.735064e+00	1.216496e+00	0.000000e+00	0.000000e+00
42	1.650349e+00	1.412251e+00	3.710947e+00	0.000000e+00	0.000000e+00
43	1.889349e+00	2.283908e+00	1.645722e+00	0.000000e+00	0.000000e+00
44	3.649540e+00	1.826410e+00	4.752827e-01	0.000000e+00	0.000000e+00
45	7.691843e-02	7.680015e-01	3.801695e+00	0.000000e+00	0.000000e+00
46	3.084238e+00	7.948557e-01	3.140083e+00	0.000000e+00	0.000000e+00
47	3.370248e+00	3.761780e+00	2.443677e-01	0.000000e+00	0.000000e+00
48	3.087467e+00	3.064747e+00	1.205985e+00	0.000000e+00	0.000000e+00
49	9.972046e-01	1.796880e-02	2.001652e+00	0.000000e+00	0.000000e+00
50	1.759834e+00	1.536108e+00	1.364824e+00	0.000000e+00	0.000000e+00
51	2.589227e+00	1.145946e+00	3.913457e+00	0.000000e+00	0.000000e+00
52	1.466017e+00	3.353873e+00	5.382390e-01	0.000000e+00	0.000000e+00
53	2.183572e+00	3.295778e+00	1.339029e-01	0.000000e+00	0.000000e+00
54	2.505977e+00	1.962301e+00	3.879608e-01	0.000000e+00	0.000000e+00
55	4.571525e-01	3.361645e+00	3.173960e+00	0.000000e+00	0.000000e+00
56	7.434329e-01	2.876473e+00	8.869348e-01	0.000000e+00	0.000000e+00
57	2.713380e+00	3.771101e+00	8.902128e-01	0.000000e+00	0.000000e+00
58	1.806292e+00	2.350805e+00	1.972851e+00	0.000000e+00	0.000000e+00
59	1.710353e+00	1.910775e+00	2.393252e+00	0.000000e+00	0.000000e+00
60	3.393555e+00	3.483239e+00	2.795313e+00	0.000000e+00	0.000000e+00
61	8.264695e-01	2.473513e+00	3.271827e-01	0.000000e+00	0.000000e+00
62	2.960032e+00	1.250071e+00	1.947069e+00	0.000000e+00	0.000000e+00
63	3.821943e-01	3.539747e+00	5.282906e-01	0.000000e+00	0.000000e+00
64	2.980456e+00	5.191662e-01	1.626945e+00	0.000000e+00	0.000000e+00
65	6.475534e-02	3.429860e-01	5.661861e-01	0.000000e+00	0.000000e+00
66	3.889134e+00	6.722110e-01	1.850325e+00	0.000000e+00	0.000000e+00
67	2.416665e+00	8.808304e-01	1.160962e-01	0.000000e+00	0.000000e+00
68	3.229530e+00	2.712600e+00	2.669884e+00	0.000000e+00	0.000000e+00
69	7.374657e-01	2.586623e+00	1.368367e+00	0.000000e+00	0.000000e+00
70	2.141699e+00	3.535787e+00	1.975946e+00	0.000000e+00	0.000000e+00
71	1.719050e+00	7.892726e-02	2.530520e+00	0.000000e+00	0.000000e+00
72	2.453628e+00	2.130290e+00	3.779566e+00	0.000000e+00	0.000000e+00
73	3.167314e+00	1.038353e+00	3.601631e+00	0.000000e+00	0.000000e+00
74	6.165135e-01	1.741648e+00	3.875034e+00	0.000000e+00	0.000000e+00
75	3.692160e+00	2.138989e+00	1.987038e+00	0.000000e+00	0.000000e+00
76	1.504290e-01	2.595649e-01	2.506945e+00	0.000000e+00	0.000000e+00
77	2.223367e+00	1.334439e-01	2.792026e+00	0.000000e+00	0.000000e+00
78	1.582946e+00	5.806138e-01	2.375724e+00	0.000000e+00	0.000000e+00
79	7.928314e-01	1.117384e+00	3.876086e+00	0.000000e+00	0.000000e+00
80	1.372398e+00	1.894672e+00	3.746196e+00	0.000000e+00	0.000000e+00
81	2.317452e+00	1.414913e+00	4.464113e-01	0.000000e+00	0.000000e+00
82	2.834073e+00	2.607325e-01	2.130595e+00	0.000000e+00	0.000000e+00
83	9.164505e-01	2.783788e+00	3.125208e+00	0.000000e+00	0.000000e+00
84	1.367620e+00	1.589392e+00	9.173494e-01	0.000000e+00	0.000000e+00
85	1.891154e+00	6.222652e-01	2.410738e+00	0.000000e+00	0.000000e+00
86	1.277446e+00	2.040002e+00	2.311870e+00	0.000000e+00	0.000000e+00
87	3.597658e+00	1.835545e+00	1.998375e+00	0.000000e+00	0.000000e+00
88	2.692123e+00	2.508082e+00	1.331323e+00	0.000000e+00	0.000000e+00
89	3.538591e+00	1.096480e+00	5.416354e-01	0.000000e+00	0.000000e+00
90	3.266480e+00	3.725797e+00	3.470605e+00	0.000000e+00	0.000000e+00
91	2.461783e+00	3.182193e+00	3.122751e+00	0.000000e+00	0.000000e+00
92	8.082989e-02	2.507938e+00	2.914540e+00	0.000000e+00	0.000000e+00
93	6.696122e-01	2.172986e+00	1.380897e+00	0.000000e+00	0.000000e+00
94	7.435669e-01	1.129059e+00	9.311818e-02	0.000000e+00	0.000000e+00
95	1.037214e+00	4.520710e-01	1.956485e+00	0.000000e+00	0.000000e+00
96	2.639301e+00	2.732243e+00	8.156603e-01	0.000000e+00	0.000000e+00
97	8.018814e-01	1.220085e+00	1.961196e+00	0.000000e+00	0.000000e+00
98	1.813764e+00	3.929157e+00	1.340165e+00	0.000000e+00	0.000000e+00
99	1.542681e-01	7.831584e-01	2.542908e+00	0.000000e+00	0.000000e+00
100	2.651987e+00	3.942671e+00	4.798712e-01	0.000000e+00	0.000000e+00
101	1.195363e+00	2.461819e+00	3.785638e+00	0.000000e+00	0.000000e+00
102	1.212368e+00	2.735924e-01	2.267710e+00	0.000000e+00	0.000000e+00
103	1.399613e+00	3.298715e+00	1.501075e+00	0.000000e+00	0.000000e+00
104	5.660269e-01	1.213643e+00	1.690108e+00	0.000000e+00	0.000000e+00
105	1.637301e+00	2.117166e+00	3.204118e+00	0.000000e+00	0.000000e+00
106	3.604495e+00	7.452095e-01	7.359504e-01	0.000000e+00	0.000000e+00
107	1.117770e+00	2.362831e+00	1.004204e-01	0.000000e+00	0.000000e+00
108	3.765077e+00	3.652338e+00	8.523708e-01	0.000000e+00	0.000000e+00
109	1.795236e+00	5.297575e-01	3.635084e+00	0.000000e+00	0.000000e+00
110	2.859375e+00	1.512924e+00	3.710341e+00	0.000000e+00	0.000000e+00
111	3.694282e+00	1.794957e+00	3.839133e+00	0.000000e+00	0.000000e+00
112	3.032896e-01	1.387992e+00	3.977457e+00	0.000000e+00	0.000000e+00
113	1.125339e+00	1.571385e+00	2.262853e+00	0.000000e+00	0.000000e+00
114	3.775184e+00	1.512601e+00	2.286510e+00	0.000000e+00	0.000000e+00
115	1.376343e+00	1.945692e-01	2.124707e+00	0.000000e+00	0.000000e+00
116	1.952418e+00	2.292683e+00	1.117528e+00	0.000000e+00	0.000000e+00
117	2.299255e+00	3.576212e+00	1.392108e+00	0.000000e+00	0.000000e+00
118	1.165442e+00	3.578431e+00	2.682347e+00	0.000000e+00	0.000000e+00
119	2.212305e+00	2.212251e+00	1.296722e+00	0.000000e+00	0.000000e+00
120	2.006265e+00	3.295675e+00	2.403242e+00	0.000000e+00	0.000000e+00
121	3.291810e+00	1.446193e+00	2.166988e+00	0.000000e+00	0.000000e+00
122	5.724090e-01	4.788543e-01	1.038871e-01	0.000000e+00	0.000000e+00
123	2.030862e+00	7.036578e-01	2.377470e+00	0.000000e+00	0.000000e+00
124	2.131980e+00	1.899126e-01	3.861296e+00	0.000000e+00	0.000000e+00
125	8.063469e-01	2.725239e-01	3.096986e-01	0.000000e+00	0.000000e+00
126	1.104754e+00	3.595462e+00	9.235697e-01	0.000000e+00	0.000000e+00
127	2.435888e+00	3.974735e+00	3.371883e+00	0.000000e+00	0.000000e+00
128	3.243481e+00	1.190561e+00	1.750351e+00	0.000000e+00	0.000000e+00
129	2.145586e+00	8.698482e-01	3.539098e+00	0.000000e+00	0.000000e+00
130	1.612415e+00	3.861216e+00	3.462403e+00	0.000000e+00	0.000000e+00
131	6.035440e-01	3.763771e+00	1.704100e+00	0.000000e+00	0.000000e+00
132	8.054532e-01	1.252093e+00	3.934392e+00	0.000000e+00	0.000000e+00
133	1.325554e+00	2.593073e+00	1.779390e+00	0.000000e+00	0.000000e+00
134	2.213814e+00	3.570939e+00	7.763519e-01	0.000000e+00	0.000000e+00
135	1.470284e-01	3.107128e+00	1.495216e+00	0.000000e+00	0.000000e+00
136	2.088983e+00	1.529867e+00	4.679964e-01	0.000000e+00	0.000000e+00
137	1.614745e+00	3.012566e+00	1.952867e-01	0.000000e+00	0.000000e+00
138	2.182982e+00	1.379517e+00	1.547116e+00	0.000000e+00	0.000000e+00
139	2.383386e+00	1.568349e+00	3.249608e+00	0.000000e+00	0.000000e+00
140	1.613808e-01	3.274739e-01	3.854017e+00	0.000000e+00	0.000000e+00
141	2.459753e+00	1.067144e+00	3.482689e+00	0.000000e+00	0.000000e+00
142	1.548646e+00	8.668530e-02	9.198670e-01	0.000000e+00	0.000000e+00
143	2.039183e-01	3.255443e+00	2.226445e+00	0.000000e+00	0.000000e+00
144	3.862082e+00	2.011968e+00	3.139365e+00	0.000000e+00	0.000000e+00
145	3.304366e+00	4.799513e-01	2.541561e+00	0.000000e+00	0.000000e+00
146	1.368156e-02	1.945898e+00	7.042602e-01	0.000000e+00	0.000000e+00
147	5.005652e-01	9.994318e-01	1.449959e+00	0.000000e+00	0.000000e+00
148	1.460934e+00	1.917250e+00	3.221672e+00	0.000000e+00	0.000000e+00
149	2.638987e+00	1.461434e+00	2.324555e+00	0.000000e+00	0.000000e+00
150	7.967533e-01	3.033038e+00	2.753501e-01	0.000000e+00	0.000000e+00
151	3.808466e+00	8.855642e-01	3.677025e+00	0.000000e+00	0.000000e+00
152	3.762422e+00	3.027915e+00	2.165785e+00	0.000000e+00	0.000000e+00
153	3.467230e-01	3.372956e+00	1.269738e+00	0.000000e+00	0.000000e+00
154	4.949326e-01	2.332014e+00	2.152242e+00	0.000000e+00	0.000000e+00
155	7.302970e-01	2.102110e+00	2.159693e+00	0.000000e+00	0.000000e+00
156	1.955367e+00	3.853667e+00	5.793634e-01	0.000000e+00	0.000000e+00
157	1.360796e+00	2.890226e+00	2.012413e-02	0.000000e+00	0.000000e+00
158	2.226252e+00	6.214642e-01	9.492579e-01	0.000000e+00	0.000000e+00
159	2.177235e+00	7.961413e-01	7.465595e-01	0.000000e+00	0.000000e+00
160	3.425033e+00	5.317133e-01	5.057724e-01	0.000000e+00	0.000000e+00
161	5.172738e-01	1.821300e+00	2.595218e+00	0.000000e+00	0.000000e+00
162	1.829275e+00	6.258613e-01	2.850877e+00	0.000000e+00	0.000000e+00
163	2.683219e+00	8.581343e-01	2.662866e+00	0.000000e+00	0.000000e+00
164	2.782780e+00	2.178739e+00	2.068802e+00	0.000000e+00	0.000000e+00
165	2.362822e+00	3.952095e+00	2.860916e+00	0.000000e+00	0.000000e+00
166	3.420272e+00	5.150705e-01	7.905525e-01	0.000000e+00	0.000000e+00
167	2.815258e+00	4.551766e-02	1.015261e+00	0.000000e+00	0.000000e+00
168	3.487440e+00	1.410577e+00	3.562909e+00	0.000000e+00	0.000000e+00
169	1.815873e+00	3.383893e+00	1.092651e+00	0.000000e+00	0.000000e+00
170	1.830844e-01	1.099393e+00	1.502212e+00	0.000000e+00	0.000000e+00
171	3.675360e+00	3.769440e+00	9.810983e-01	0.000000e+00	0.000000e+00
172	1.318413e+00	2.570066e+00	3.091007e+00	0.000000e+00	0.000000e+00
173	2.562121e+00	1.569798e+00	3.598225e+00	0.000000e+00	0.000000e+00
174	3.374073e+00	4.535488e-02	2.279444e+00	0.000000e+00	0.000000e+00
175	2.612066e+00	9.917289e-01	3.988194e+00	0.000000e+00	0.000000e+00
176	1.569295e+00	3.134884e+00	3.988428e+00	0.000000e+00	0.000000e+00
177	1.517197e+00	3.530583e+00	2.514735e+00	0.000000e+00	0.000000e+00
178	1.155144e+00	2.504755e+00	1.410850e+00	0.000000e+00	0.000000e+00
179	1.531687e-01	2.307073e+00	2.972624e+00	0.000000e+00	0.000000e+00
180	8.988256e-01	2.561033e+00	3.289685e+00	0.000000e+00	0.000000e+00
181	1.734157e+00	1.978180e+00	3.263020e+00	0.000000e+00	0.000000e+00
182	1.580882e+00	1.888886e+00	2.505280e+00	0.000000e+00	0.000000e+00
183	2.238087e+00	3.519811e+00	1.460291e+00	0.000000e+00	0.000000e+00
184	3.118019e+00	5.416269e-01	3.123946e+00	0.000000e+00	0.000000e+00
185	1.595994e-01	2.386477e+00	1.525580e+00	0.000000e+00	0.000000e+00
186	4.252655e-01	3.438050e+00	3.304279e+00	0.000000e+00	0.000000e+00
187	3.023714e+00	3.568397e+00	2.042591e+00	0.000000e+00	0.000000e+00
188	1.833151e+00	1.769929e+00	3.202684e+00	0.000000e+00	0.000000e+00
189	3.501782e+00	2.449821e+00	2.137293e+00	0.000000e+00	0.000000e+00
190	1.479488e+00	1.757117e+00	3.873469e+00	0.000000e+00	0.000000e+00
191	1.401414e+00	1.561093e+00	1.297244e+00	0.000000e+00	0.000000e+00
192	2.777465e+00	8.517536e-01	3.422354e+00	0.000000e+00	0.000000e+00
193	3.502260e+00	2.475575e+00	2.982127e+00	0.000000e+00	0.000000e+00
194	6.028714e-01	4.598018e-01	3.889022e+00	0.000000e+00	0.000000e+00
195	2.791973e+00	6.859506e-01	7.716391e-01	0.000000e+00	0.000000e+00
196	9.385366e-01	1.983911e+00	3.598770e+00	0.000000e+00	0.000000e+00
197	5.258223e-01	1.494845e+00	3.851742e+00	0.000000e+00	0.000000e+00
198	2.265303e-01	3.295262e+00	3.474808e+00	0.000000e+00	0.000000e+00
199	1.097176e+00	2.338241e-01	1.882001e+00	0.000000e+00	0.000000e+00
200	2.785680e+00	2.917892e+00	1.010580e+00	0.000000e+00	0.000000e+00
201	8.206898e-01	1.333056e+00	6.668659e-01	0.000000e+00	0.000000e+00
202	1.484483e-02	1.497045e+00	8.312741e-01	0.000000e+00	0.000000e+00
203	3.223204e+00	3.977913e-01	1.678945e+00	0.000000e+00	0.000000e+00
204	2.031810e+00	6.375509e-01	3.317257e+00	0.000000e+00	0.000000e+00
205	1.141965e+00	1.001099e+00	1.466357e+00	0.000000e+00	0.000000e+00
206	1.068813e+00	3.535746e+00	1.279524e+00	0.000000e+00	0.000000e+00
207	9.605102e-01	3.294937e+00	2.007181e+00	0.000000e+00	0.000000e+00
208	2.693774e+00	2.266054e+00	1.561437e+00	0.000000e+00	0.000000e+00
209	3.069348e+00	2.526976e+00	2.888979e+00	0.000000e+00	0.000000e+00
210	3.067650e+00	1.995196e+00	1.254675e+00	0.000000e+00	0.000000e+00
211	3.327477e+00	9.088561e-01	3.145034e+00	0.000000e+00	0.000000e+00
212	2.593636e+00	3.244163e+00	6.486782e-01	0.000000e+00	0.000000e+00
213	2.333704e+00	2.561493e+00	3.008989e+00	0.000000e+00	0.000000e+00
214	8.535846e-02	2.619567e+00	3.061139e+00	0.000000e+00	0.000000e+00
215	5.624867e-01	1.713545e+00	3.551145e+00	0.000000e+00	0.000000e+00
216	8.562806e-02	3.150816e+00	3.757416e+00	0.000000e+00	0.000000e+00
217	2.887089e+00	3.297725e+00	8.641235e-01	0.000000e+00	0.000000e+00
218	3.323655e+00	6.663545e-01	3.420270e+00	0.000000e+00	0.000000e+00
219	4.857686e-01	3.130737e-01	1.828932e+00	0.000000e+00	0.000000e+00
220	2.859424e+00	2.334724e+00	3.704247e+00	0.000000e+00	0.000000e+00
221	1.275534e+00	1.893409e+00	2.530130e+00	0.000000e+00	0.000000e+00
222	3.893691e+00	1.260873e+00	3.488187e+00	0.000000e+00	0.000000e+00
223	1.965137e+00	6.423008e-02	3.514998e+00	0.000000e+00	0.000000e+00
224	5.719163e-01	1.978043e-01	4.964040e-01	0.000000e+00	0.000000e+00
225	3.061869e+00	8.336702e-01	3.494633e+00	0.000000e+00	0.000000e+00
226	2.292763e+00	2.469675e+00	3.819837e+00	0.000000e+00	0.000000e+00
227	3.996517e+00	1.458101e+00	2.295515e+00	0.000000e+00	0.000000e+00
228	7.191341e-01	2.486602e+00	3.117090e-01	0.000000e+00	0.000000e+00
229	2.893694e+00	2.318968e+00	2.893189e+00	0.000000e+00	0.000000e+00
230	1.823444e+00	2.624159e+00	2.462013e-01	0.000000e+00	0.000000e+00
231	1.905956e+00	1.409990e+00	1.709197e+00	0.000000e+00	0.000000e+00
232	2.479090e+00	2.059037e+00	2.230554e+00	0.000000e+00	0.000000e+00
233	9.204930e-01	2.725439e+00	2.448613e+00	0.000000e+00	0.000000e+00
234	1.842234e+00	2.422636e+00	1.237393e+00	0.000000e+00	0.000000e+00
235	8.627703e-01	5.809771e-01	4.816381e-01	0.000000e+00	0.000000e+00
236	2.892083e+00	3.232812e+00	1.866809e+00	0.000000e+00	0.000000e+00
237	3.453544e+00	3.720988e+00	2.638517e+00	0.000000e+00	0.000000e+00
238	1.561341e+00	1.450448e+00	1.672423e+00	0.000000e+00	0.000000e+00
239	4.168722e-01	2.370561e+00	2.026603e+00	0.000000e+00	0.000000e+00
240	1.109065e+00	5.452397e-02	3.844425e-01	0.000000e+00	0.000000e+00
241	1.324894e+00	3.498725e+00	3.072430e+00	0.000000e+00	0.000000e+00
242	2.333283e+00	3.489930e+00	3.251286e+00	0.000000e+00	0.000000e+00
243	3.628572e-01	2.540967e+00	2.027172e+00	0.000000e+00	0.000000e+00
244	2.675925e+00	2.268297e+00	3.263030e+00	0.000000e+00	0.000000e+00
245	1.742356e+00	3.776531e+00	1.542874e-01	0.000000e+00	0.000000e+00
246	1.107608e+00	3.573453e+00	3.026224e+00	0.000000e+00	0.000000e+00
247	1.742541e+00	2.878465e+00	2.367391e+00	0.000000e+00	0.000000e+00
248	7.434284e-01	2.801340e+00	2.124169e+00	0.000000e+00	0.000000e+00
249	9.022865e-01	7.298343e-01	2.324734e+00	0.000000e+00	0.000000e+00
250	3.798103e+00	2.722489e+00	8.715693e-01	0.000000e+00	0.000000e+00
251	4.648574e-01	8.589738e-01	7.733085e-01	0.000000e+00	0.000000e+00
252	9.963834e-01	2.215916e+00	2.903052e+00	0.000000e+00	0.000000e+00
253	3.594773e+00	1.351657e+00	1.293096e+00	0.000000e+00	0.000000e+00
254	1.057444e+00	4.598240e-01	2.615884e-01	0.000000e+00	0.000000e+00
255	5.168395e-01	2.521708e+00	2.352519e+00	0.000000e+00	0.000000e+00
256	2.790106e+00	1.317017e+00	3.110680e+00	0.000000e+00	0.000000e+00
257	1.201804e+00	2.720948e+00	2.972360e+00	0.000000e+00	0.000000e+00
258	4.594272e-01	1.592238e+00	7.491443e-01	0.000000e+00	0.000000e+00
259	2.867925e+00	1.221499e+00	1.730004e+00	0.000000e+00	0.000000e+00
260	1.809593e-01	1.382348e+00	1.129219e+00	0.000000e+00	0.000000e+00
261	2.778565e+00	3.335384e+00	1.795065e+00	0.000000e+00	0.000000e+00
262	1.658951e+00	1.995940e+00	1.759930e+00	0.000000e+00	0.000000e+00
263	3.140733e+00	2.294451e+00	2.837226e+00	0.000000e+00	0.000000e+00
264	1.265194e+00	1.146088e-01	2.230072e+00	0.000000e+00	0.000000e+00
265	8.174459e-01	2.813409e+00	9.670679e-01	0.000000e+00	0.000000e+00
266	1.510847e+00	7.978465e-01	1.405910e+00	0.000000e+00	0.000000e+00
267	1.125283e+00	6.386380e-01	1.589262e+00	0.000000e+00	0.000000e+00
268	2.732885e+00	3.589878e+00	3.087155e+00	0.000000e+00	0.000000e+00
269	1.820516e+00	1.417209e+00	3.027751e+00	0.000000e+00	0.000000e+00
270	3.406771e+00	1.593344e+00	3.339933e+00	0.000000e+00	0.000000e+00
271	2.256032e+00	1.126262e+00	1.087976e+00	0.000000e+00	0.000000e+00
272	1.607777e+00	1.909389e+00	3.098753e+00	0.000000e+00	0.000000e+00
273	7.424725e-01	2.734994e+00	3.038855e+00	0.000000e+00	0.000000e+00
274	2.027829e+00	1.723815e+00	1.669465e-01	0.000000e+00	0.000000e+00
275	1.870368e+00	3.276182e+00	2.795276e+00	0.000000e+00	0.000000e+00
276	1.967286e-01	2.416928e+00	1.300538e+00	0.000000e+00	0.000000e+00
277	2.135816e+00	6.670801e-01	3.615100e+00	0.000000e+00	0.000000e+00
278	2.984195e+00	3.369169e+00	1.622291e+00	0.000000e+00	0.000000e+00
279	1.851277e+00	2.408003e+00	3.307983e+00	0.000000e+00	0.000000e+00
280	1.269146e+00	2.532685e+00	2.829184e+00	0.000000e+00	0.000000e+00
281	2.092777e+00	1.308171e+00	2.423470e+00	0.000000e+00	0.000000e+00
282	3.259742e+00	2.487031e+00	3.524647e+00	0.000000e+00	0.000000e+00
283	2.750003e+00	3.296009e+00	2.777205e-02	0.000000e+00	0.000000e+00
284	2.764788e+00	3.789463e+00	1.505397e+00	0.000000e+00	0.000000e+00
285	1.206317e+00	2.563538e+00	1.375954e+00	0.000000e+00	0.000000e+00
286	1.663746e+00	2.575862e+00	5.128380e-01	0.000000e+00	0.000000e+00
287	3.268997e+00	2.037528e+00	7.407948e-01	0.000000e+00	0.000000e+00
288	2.537587e+00	1.225012e+00	7.694416e-01	0.000000e+00	0.000000e+00
289	5.712189e-03	4.756875e-03	3.948804e+00	0.000000e+00	0.000000e+00
290	3.545672e+00	1.150828e-01	2.196439e+00	0.000000e+00	0.000000e+00
291	3.553543e+00	4.036076e-01	3.432551e+00	0.000000e+00	0.000000e+00
292	2.888602e+00	7.260996e-01	3.556219e+00	0.000000e+00	0.000000e+00
293	1.374207e+00	2.985822e-01	2.271726e+00	0.000000e+00	0.000000e+00
294	8.955365e-01	3.282010e+00	7.413790e-01	0.000000e+00	0.000000e+00
295	3.569569e-01	3.373981e+00	2.498144e+00	0.000000e+00	0.000000e+00
296	2.311030e+00	1.484711e+00	1.529849e+00	0.000000e+00	0.000000e+00
297	1.674951e-01	3.089831e+00	2.790615e+00	0.000000e+00	0.000000e+00
298	1.864821e+00	2.052134e+00	2.222599e+00	0.000000e+00	0.000000e+00
299	3.222032e+00	6.937171e-01	3.303551e+00	0.000000e+00	0.000000e+00
300	2.781175e+00	3.215614e+00	8.164520e-01	0.000000e+00	0.000000e+00
301	2.108587e+00	3.028997e+00	3.542044e-01	0.000000e+00	0.000000e+00
302	1.114065e+00	9.689458e-02	5.071275e-01	0.000000e+00	0.000000e+00
303	3.292541e+00	1.729367e+00	1.463967e+00	0.000000e+00	0.000000e+00
304	9.013813e-01	1.514903e+00	9.723160e-01	0.000000e+00	0.000000e+00
305	1.715437e+00	3.347022e+00	1.396006e+00	0.000000e+00	0.000000e+00
306	2.669084e+00	3.302376e+00	3.031834e+00	0.000000e+00	0.000000e+00
307	2.565268e-02	3.144633e+00	3.854287e+00	0.000000e+00	0.000000e+00
308	3.002491e+00	2.860893e+00	3.035904e+00	0.000000e+00	0.000000e+00
309	4.312193e-01	3.501969e+00	1.589979e+00	0.000000e+00	0.000000e+00
310	2.780954e+00	3.491702e+00	1.032249e+00	0.000000e+00	0.000000e+00
311	1.006602e+00	1.957826e+00	1.178368e+00	0.000000e+00	0.000000e+00
312	8.298635e-01	3.515786e+00	1.813006e+00	0.000000e+00	0.000000e+00
313	3.193901e+00	3.894392e+00	1.039465e+00	0.000000e+00	0.000000e+00
314	2.280889e+00	2.907777e+00	3.008973e+00	0.000000e+00	0.000000e+00
315	3.814096e+00	3.519830e+00	1.780672e+00	0.000000e+00	0.000000e+00
316	3.748914e+00	1.096314e-03	2.425746e+00	0.000000e+00	0.000000e+00
317	1.519230e+00	1.699729e+00	3.343989e+00	0.000000e+00	0.000000e+00
318	2.431315e+00	3.115719e+00	1.892668e+00	0.000000e+00	0.000000e+00
319	2.064759e+00	2.397004e+00	2.440000e+00	0.000000e+00	0.000000e+00
320	1.077068e+00	2.275422e+00	3.009798e+00	0.000000e+00	0.000000e+00
321	1.672969e+00	1.582771e+00	1.640372e+00	0.000000e+00	0.000000e+00
322	1.733323e+00	3.962968e+00	1.601223e+00	0.000000e+00	0.000000e+00
323	3.749266e+00	1.909442e+00	3.985074e+00	0.000000e+00	0.000000e+00
324	1.133904e+00	1.526522e+00	2.489946e-01	0.000000e+00	0.000000e+00
325	8.519316e-01	2.413749e+00	3.875644e+00	0.000000e+00	0.000000e+00
326	1.941824e+00	2.355504e-01	2.896355e+00	0.000000e+00	0.000000e+00
327	3.040000e+00	1.282231e+00	2.464054e+00	0.000000e+00	0.000000e+00
328	1.358189e+00	3.090326e+00	3.102595e+00	0.000000e+00	0.000000e+00
329	1.309643e+00	3.173361e+00	2.677908e+00	0.000000e+00	0.000000e+00
330	3.600991e+00	1.859638e+00	2.944112e+00	0.000000e+00	0.000000e+00
331	1.695996e+00	6.048395e-01	1.537200e+00	0.000000e+00	0.000000e+00
332	3.722981e+00	1.481191e-01	1.438112e+00	0.000000e+00	0.000000e+00
333	2.354907e+00	2.919470e+00	3.538059e+00	0.000000e+00	0.000000e+00
334	1.536010e-01	1.572636e+00	3.289020e+00	0.000000e+00	0.000000e+00
335	2.566053e+00	3.659104e+00	2.557933e+00	0.000000e+00	0.000000e+00
336	3.181030e+00	3.565375e+00	3.249737e+00	0.000000e+00	0.000000e+00
337	2.323462e+00	2.430675e+00	3.579051e-01	0.000000e+00	0.000000e+00
338	3.310598e+00	1.213082e+00	2.716669e-01	0.000000e+00	0.000000e+00
339	1.906143e+00	5.379085e-01	6.277578e-01	0.000000e+00	0.000000e+00
340	2.724579e+00	5.361797e-03	2.115727e+00	0.000000e+00	0.000000e+00
341	3.024738e+00	7.649335e-01	2.368157e-01	0.000000e+00	0.000000e+00
342	1.609760e-01	1.524199e+00	1.211691e+00	0.000000e+00	0.000000e+00
343	8.876965e-01	3.515066e+00	1.709620e+00	0.000000e+00	0.000000e+00
344	1.582991e+00	1.330881e+00	1.142465e-01	0.000000e+00	0.000000e+00
345	1.414383e-01	1.153631e+00	1.074533e+00	0.000000e+00	0.000000e+00
346	3.675836e+00	3.779760e+00	2.433414e+00	0.000000e+00	0.000000e+00
347	2.388101e+00	8.146897e-01	4.895677e-01	0.000000e+00	0.000000e+00
348	1.651647e-01	3.922672e+00	3.513990e-01	0.000000e+00	0.000000e+00
349	1.962632e+00	1.963122e+00	2.189763e+00	0.000000e+00	0.000000e+00
350	3.346543e+00	1.347336e+00	6.816069e-01	0.000000e+00	0.000000e+00
351	3.766609e+00	1.401563e+00	6.762906e-02	0.000000e+00	0.000000e+00
352	6.415769e-01	2.982794e+00	3.812204e+00	0.000000e+00	0.000000e+00
353	3.719945e+00	1.122946e+00	1.360720e+00	0.000000e+00	0.000000e+00
354	1.627269e+00	1.504176e+00	6.841990e-01	0.000000e+00	0.000000e+00
355	3.332375e+00	3.234622e+00	2.954193e-01	0.000000e+00	0.000000e+00
356	1.112334e+00	2.989469e+00	5.430458e-03	0.000000e+00	0.000000e+00
357	3.269710e+00	2.008524e+00	1.258480e+00	0.000000e+00	0.000000e+00
358	3.281468e+00	3.624598e+00	2.618305e+00	0.000000e+00	0.000000e+00
359	1.846262e+00	2.132469e+00	4.115135e-01	0.000000e+00	0.000000e+00
360	3.077407e-01	1.973128e-01	2.361095e-01	0.000000e+00	0.000000e+00
361	2.926001e-01	1.729991e+00	3.964795e+00	0.000000e+00	0.000000e+00
362	3.086399e-01	3.310220e+00	2.861921e+00	0.000000e+00	0.000000e+00
363	3.042864e-01	2.142339e+00	2.286652e+00	0.000000e+00	0.000000e+00
364	3.752460e+00	3.593201e+00	2.922947e+00	0.000000e+00	0.000000e+00
365	1.967071e+00	5.570299e-01	2.002334e+00	0.000000e+00	0.000000e+00
366	1.232916e+00	1.619712e+00	2.498106e+00	0.000000e+00	0.000000e+00
367	1.667421e+00	3.431648e-01	3.570573e+00	0.000000e+00	0.000000e+00
368	2.615246e+00	2.443295e+00	4.629680e-01	0.000000e+00	0.000000e+00
369	1.103762e+00	2.933278e+00	3.603369e+00	0.000000e+00	0.000000e+00
370	1.817042e+00	3.016873e+00	5.787776e-01	0.000000e+00	0.000000e+00
371	3.514973e+00	1.435322e-01	3.454325e-01	0.000000e+00	0.000000e+00
372	1.683488e+00	2.388248e+00	3.286163e+00	0.000000e+00	0.000000e+00
373	2.544610e+00	3.258650e+00	1.305320e-01	0.000000e+00	0.000000e+00
374	1.851767e+00	2.646165e+00	2.088387e+00	0.000000e+00	0.000000e+00
375	3.520973e+00	9.999493e-01	2.147560e+00	0.000000e+00	0.000000e+00
376	2.035653e+00	1.223912e+00	2.286281e+00	0.000000e+00	0.000000e+00
377	1.525268e+00	3.184384e+00	3.947447e+00	0.000000e+00	0.000000e+00
378	7.339034e-01	2.714773e+00	3.184467e+00	0.000000e+00	0.000000e+00
379	1.337222e+00	2.688171e+00	8.546679e-02	0.000000e+00	0.000000e+00
380	4.402935e-01	1.217259e-02	5.846421e-01	0.000000e+00	0.000000e+00
381	2.080236e+00	2.521256e+00	2.750735e+00	0.000000e+00	0.000000e+00
382	3.610332e+00	2.845148e+00	2.402942e+00	0.000000e+00	0.000000e+00
383	2.253037e+00	2.787431e+00	3.484527e-01	0.000000e+00	0.000000e+00
384	4.444741e-01	2.276064e+00	1.800545e+00	0.000000e+00	0.000000e+00
385	1.766051e+00	2.021644e+00	1.765464e+00	0.000000e+00	0.000000e+00
386	1.517155e-01	1.882383e+00	1.212631e+00	0.000000e+00	0.000000e+00
387	6.972128e-01	2.056324e+00	6.398243e-01	0.000000e+00	0.000000e+00
388	1.526281e+00	1.990050e-01	6.773232e-01	0.000000e+00	0.000000e+00
389	3.771619e+00	1.605376e+00	1.551808e+00	0.000000e+00	0.000000e+00
390	1.235809e+00	2.248356e+00	1.263151e-01	0.000000e+00	0.000000e+00
391	2.978139e+00	1.584263e+00	2.703130e+00	0.000000e+00	0.000000e+00
392	3.506108e+00	3.155289e+00	2.933887e+00	0.000000e+00	0.000000e+00
393	1.846458e+00	1.421861e+00	1.217719e+00	0.000000e+00	0.000000e+00
394	2.202238e+00	1.013160e+00	1.749249e-01	0.000000e+00	0.000000e+00
395	3.962777e+00	2.394008e+00	8.983583e-02	0.000000e+00	0.000000e+00
396	1.870827e+00	2.995612e+00	3.251082e+00	0.000000e+00	0.000000e+00
397	9.278011e-01	1.553448e+00	8.064178e-01	0.000000e+00	0.000000e+00
398	1.463823e+00	2.465659e+00	3.244769e-01	0.000000e+00	0.000000e+00
399	1.483942e+00	6.213796e-01	3.527394e+00	0.000000e+00	0.000000e+00
