500
0	9.180367e-01	1.443626e+00	3.025192e+00	0.000000e+00	0.000000e+00
1	4.044090e-01	9.025780e-01	1.628077e+00	0.000000e+00	0.000000e+00
2	3.090972e+00	1.967474e+00	3.328655e+00	0.000000e+00	0.000000e+00
3	7.058450e-01	3.137049e+00	3.906563e-01	0.000000e+00	0.000000e+00
4	1.760467e+00	1.621259e-01	8.505413e-01	0.000000e+00	0.000000e+00
5	3.047278e+00	3.603061e+00	6.470359e-01	0.000000e+00	0.000000e+00
6	2.732479e+00	7.701994e-01	7.416255e-01	0.000000e+00	0.000000e+00
7	4.997046e-01	2.534454e+00	5.745524e-01	0.000000e+00	0.000000e+00
8	5.026615e-01	2.320244e-01	3.633866e+00	0.000000e+00	0.000000e+00
9	2.388285e+00	3.908140e+00	1.157092e-01	0.000000e+00	0.000000e+00
10	7.248155e-01	1.973816e+00	1.929659e+00	0.000000e+00	0.000000e+00
11	3.770620e+00	8.181268e-01	2.257752e+00	0.000000e+00	0.000000e+00
12	2.043914e+00	6.138590e-02	3.712756e+00	0.000000e+00	0.000000e+00
13	2.818328e-01	7.642673e-01	1.040036e+00	0.000000e+00	0.000000e+00
14	3.887445e+00	2.812113e-01	2.317755e+00	0.000000e+00	0.000000e+00
15	2.505027e+00	1.993064e+00	1.423522e+00	0.000000e+00	0.000000e+00
16	1.133533e+00	3.286464e+00	3.592055e+00	0.000000e+00	0.000000e+00
17	3.661282e+00	3.159765e+00	2.164048e+00	0.000000e+00	0.000000e+00
18	3.155054e+00	2.998507e+00	3.911219e+00	0.000000e+00	0.000000e+00
19	3.864070e+00	3.419983e+00	3.655647e+00	0.000000e+00	0.000000e+00
20	4.517432e-01	4.482861e-01	2.344006e+00	0.000000e+00	0.000000e+00
21	3.706483e+00	2.852813e+00	3.220191e+00	0.000000e+00	0.000000e+00
22	1.744747e+00	3.960304e+00	8.260319e-01	0.000000e+00	0.000000e+00
23	3.118729e+00	4.800019e-01	3.392131e+00	0.000000e+00	0.000000e+00
24	3.540497e+00	1.132314e+00	2.800598e+00	0.000000e+00	0.000000e+00
25	1.643927e+00	1.483802e+00	2.258849e+00	0.000000e+00	0.000000e+00
26	4.783632e-01	3.850636e+00	1.645603e+00	0.000000e+00	0.000000e+00
27	1.644769e+00	3.632751e+00	3.638371e+00	0.000000e+00	0.000000e+00
28	2.093725e+00	1.243535e+00	9.236173e-02	0.000000e+00	0.000000e+00
29	3.235274e-01	1.524442e+00	1.289949e+00	0.000000e+00	0.000000e+00
30	1.767956e-01	3.403619e+00	6.241642e-01	0.000000e+00	0.000000e+00
31	2.328269e+00	3.211203e+00	2.687399e+00	0.000000e+00	0.000000e+00
32	3.114481e+00	1.076341e+00	2.065065e+00	0.000000e+00	0.000000e+00
33	3.540400e+00	3.495914e+00	3.827550e+00	0.000000e+00	0.000000e+00
34	1.638320e+00	3.245018e+00	3.022713e+00	0.000000e+00	0.000000e+00
35	2.740012e+00	3.385921e+00	3.179682e+00	0.000000e+00	0.000000e+00
36	9.178654e-01	2.564524e+00	1.955992e+00	0.000000e+00	0.000000e+00
37	2.363322e+00	3.612470e-01	3.478916e+00	0.000000e+00	0.000000e+00
38	2.137179e+00	3.570418e+00	7.531293e-03	0.000000e+00	0.000000e+00
39	2.578437e+00	3.792034e+00	7.144060e-01	0.000000e+00	0.000000e+00
40	3.020841e+00	3.278321e+00	2.739097e+00	0.000000e+00	0.000000e+00
41	8.671002e-03	1.733538e+00	3.580817e+00	0.000000e+00	0.000000e+00
42	2.785321e+00	8.879249e-01	3.354025e+00	0.000000e+00	0.000000e+00
43	3.099309e+00	2.083213e+00	5.589914e-01	0.000000e+00	0.000000e+00
44	2.968473e+00	3.125679e+00	1.290598e+00	0.000000e+00	0.000000e+00
45	3.079992e+00	1.431642e+00	1.600306e+00	0.000000e+00	0.000000e+00
46	3.384560e-01	4.292624e-01	2.612403e+00	0.000000e+00	0.000000e+00
47	2.662935e+00	3.952540e+00	2.342706e+00	0.000000e+00	0.000000e+00
48	1.862679e+00	2.046140e+00	1.474468e+00	0.000000e+00	0.000000e+00
49	1.376742e+00	2.896790e+00	2.351113e+00	0.000000e+00	0.000000e+00
50	3.148554e+00	1.754257e+00	3.800028e+00	0.000000e+00	0.000000e+00
51	3.063896e+00	2.891932e+00	6.965046e-01	0.000000e+00	0.000000e+00
52	2.152730e+00	9.255700e-01	5.543490e-02	0.000000e+00	0.000000e+00
53	3.694355e+00	3.019909e+00	3.607582e+00	0.000000e+00	0.000000e+00
54	6.258983e-01	3.472040e+00	2.574388e+00	0.000000e+00	0.000000e+00
55	3.741346e+00	8.065361e-01	3.452879e+00	0.000000e+00	0.000000e+00
56	5.314396e-01	3.905902e+00	2.497671e+00	0.000000e+00	0.000000e+00
57	2.349233e+00	3.566681e+00	1.213158e+00	0.000000e+00	0.000000e+00
58	1.553689e+00	8.481427e-01	2.734527e+00	0.000000e+00	0.000000e+00
59	3.188568e+00	2.260205e+00	3.271756e+00	0.000000e+00	0.000000e+00
60	4.002199e-01	2.496278e+00	2.950581e+00	0.000000e+00	0.000000e+00
61	2.410714e+00	8.692855e-01	2.081275e+00	0.000000e+00	0.000000e+00
62	3.983107e+00	7.597778e-02	9.585791e-01	0.000000e+00	0.000000e+00
63	2.838890e+00	1.221298e+00	2.355368e+00	0.000000e+00	0.000000e+00
64	2.665165e+00	1.434682e+00	6.961349e-01	0.000000e+00	0.000000e+00
65	3.938999e+00	2.761749e+00	7.210888e-01	0.000000e+00	0.000000e+00
66	3.339414e+00	1.537300e+00	1.399515e+00	0.000000e+00	0.000000e+00
67	1.646944e+00	1.878117e-01	5.515670e-01	0.000000e+00	0.000000e+00
68	2.186000e+00	9.911722e-02	1.863108e+00	0.000000e+00	0.000000e+00
69	1.256824e+00	3.447893e+00	7.394502e-01	0.000000e+00	0.000000e+00
70	3.940135e+00	1.855492e+00	1.253612e+00	0.000000e+00	0.000000e+00
71	1.464603e+00	3.587349e+00	5.800778e-01	0.000000e+00	0.000000e+00
72	1.367135e+00	1.432562e+00	1.077640e+00	0.000000e+00	0.000000e+00
73	3.889834e+00	4.471714e-01	3.609494e+00	0.000000e+00	0.000000e+00
74	7.584347e-01	3.011912e+00	1.211197e+00	0.000000e+00	0.000000e+00
75	5.803812e-01	2.466766e+00	2.929165e+00	0.000000e+00	0.000000e+00
76	2.483161e+00	2.481195e+00	1.448000e+00	0.000000e+00	0.000000e+00
77	5.394682e-01	2.842182e+00	5.459649e-01	0.000000e+00	0.000000e+00
78	3.205406e-02	2.732605e+00	2.886450e+00	0.000000e+00	0.000000e+00
79	5.595394e-01	1.788261e-01	1.530126e+00	0.000000e+00	0.000000e+00
80	8.355487e-01	3.066645e+00	1.096249e+00	0.000000e+00	0.000000e+00
81	6.533073e-01	1.364233e-01	8.672028e-01	0.000000e+00	0.000000e+00
82	3.077462e+00	2.911823e+00	3.003405e+00	0.000000e+00	0.000000e+00
83	2.228345e+00	3.796737e+00	3.750405e+00	0.000000e+00	0.000000e+00
84	1.051207e+00	3.633465e+00	3.653350e+00	0.000000e+00	0.000000e+00
85	1.853781e+00	4.893262e-01	1.056895e-01	0.000000e+00	0.000000e+00
86	3.242646e-01	1.915619e+00	3.808405e+00	0.000000e+00	0.000000e+00
87	3.859214e+00	1.811488e+00	1.680469e+00	0.000000e+00	0.000000e+00
88	3.649614e+00	3.070271e+00	2.039028e+00	0.000000e+00	0.000000e+00
89	1.941986e+00	2.950768e+00	1.564271e+00	0.000000e+00	0.000000e+00
90	2.705640e+00	1.689800e+00	4.672640e-01	0.000000e+00	0.000000e+00
91	1.306621e+00	3.731181e-01	2.996547e+00	0.000000e+00	0.000000e+00
92	2.970313e+00	2.049136e+00	3.820656e+00	0.000000e+00	0.000000e+00
93	1.761786e+00	2.329096e+00	1.115562e+00	0.000000e+00	0.000000e+00
94	1.247965e+00	2.552314e+00	7.353168e-01	0.000000e+00	0.000000e+00
95	2.470120e+00	3.306667e+00	3.149259e+00	0.000000e+00	0.000000e+00
96	1.598997e+00	2.350115e+00	2.382718e+00	0.000000e+00	0.000000e+00
97	2.347590e+00	3.944294e+00	3.743686e+00	0.000000e+00	0.000000e+00
98	1.295337e-01	1.072532e+00	2.046804e+00	0.000000e+00	0.000000e+00
99	6.363415e-01	2.991738e+00	2.140041e+00	0.000000e+00	0.000000e+00
100	3.665460e+00	1.389345e+00	2.718288e+00	0.000000e+00	0.000000e+00
101	2.267137e+00	3.776717e+00	3.274379e+00	0.000000e+00	0.000000e+00
102	4.883807e-01	2.136207e-01	2.322417e+00	0.000000e+00	0.000000e+00
103	8.604762e-01	2.023524e+00	1.362270e+00	0.000000e+00	0.000000e+00
104	3.666914e+00	1.823677e+00	2.532836e+00	0.000000e+00	0.000000e+00
105	1.374507e+00	1.338388e+00	2.293476e+00	0.000000e+00	0.000000e+00
106	2.453975e+00	3.951762e+00	1.269445e+00	0.000000e+00	0.000000e+00
107	3.562911e+00	1.848682e+00	2.790301e+00	0.000000e+00	0.000000e+00
108	5.901615e-01	2.844437e+00	2.459652e+00	0.000000e+00	0.000000e+00
109	3.379121e+00	8.863908e-01	1.570333e+00	0.000000e+00	0.000000e+00
110	5.916315e-01	3.551033e+00	2.210774e+00	0.000000e+00	0.000000e+00
111	4.844392e-01	1.968852e+00	2.496086e+00	0.000000e+00	0.000000e+00
112	3.709399e+00	3.877283e+00	1.503573e+00	0.000000e+00	0.000000e+00
113	2.550240e+00	1.890474e+00	1.194389e+00	0.000000e+00	0.000000e+00
114	2.089398e+00	5.205048e-01	1.249704e-01	0.000000e+00	0.000000e+00
115	3.782144e-01	6.488020e-01	4.160190e-01	0.000000e+00	0.000000e+00
116	3.155729e-02	2.383434e+00	2.374059e+00	0.000000e+00	0.000000e+00
117	8.018217e-01	2.180902e-01	1.441255e+00	0.000000e+00	0.000000e+00
118	3.175574e+00	3.870067e+00	2.162937e-01	0.000000e+00	0.000000e+00
119	3.247561e+00	1.755034e+00	8.509366e-01	0.000000e+00	0.000000e+00
120	1.691740e+00	1.080590e+00	1.475894e+00	0.000000e+00	0.000000e+00
121	1.356080e+00	3.630487e+00	1.587471e+00	0.000000e+00	0.000000e+00
122	6.261568e-01	3.817240e+00	3.543652e-01	0.000000e+00	0.000000e+00
123	3.816229e+00	3.359780e+00	3.823090e+00	0.000000e+00	0.000000e+00
124	2.671689e+00	3.076824e+00	1.884759e-01	0.000000e+00	0.000000e+00
125	3.713754e+00	1.062508e+00	1.566581e+00	0.000000e+00	0.000000e+00
126	1.523461e+00	8.083043e-01	1.170291e+00	0.000000e+00	0.000000e+00
127	1.088345e+00	3.807545e+00	1.409796e+00	0.000000e+00	0.000000e+00
128	2.433204e+00	2.865577e+00	1.760851e+00	0.000000e+00	0.000000e+00
129	2.623733e+00	1.079188e+00	1.913389e+00	0.000000e+00	0.000000e+00
130	2.324980e+00	3.933588e+00	3.815895e+00	0.000000e+00	0.000000e+00
131	1.746238e+00	1.029166e+00	1.198291e+00	0.000000e+00	0.000000e+00
132	3.683201e+00	3.559770e+00	1.047768e+00	0.000000e+00	0.000000e+00
133	1.841082e+00	3.059760e+00	1.383411e+00	0.000000e+00	0.000000e+00
134	2.981762e+00	2.470191e+00	5.013151e-01	0.000000e+00	0.000000e+00
135	1.603393e+00	2.177986e-01	5.408523e-01	0.000000e+00	0.000000e+00
136	2.104906e+00	1.153628e+00	1.022691e+00	0.000000e+00	0.000000e+00
137	3.695276e-01	2.650106e+00	3.349401e-01	0.000000e+00	0.000000e+00
138	1.337920e+00	2.429039e+00	8.660299e-01	0.000000e+00	0.000000e+00
139	3.365280e+00	2.632799e-01	9.456563e-01	0.000000e+00	0.000000e+00
140	1.644871e+00	1.349073e+00	1.875310e+00	0.000000e+00	0.000000e+00
141	2.340883e+00	3.217466e+00	3.947526e+00	0.000000e+00	0.000000e+00
142	2.073089e+00	2.408777e+00	3.223585e-01	0.000000e+00	0.000000e+00
143	1.878596e+00	1.555699e+00	2.629758e+00	0.000000e+00	0.000000e+00
144	2.338663e+00	1.911605e+00	3.512376e-01	0.000000e+00	0.000000e+00
145	3.251046e+00	3.287395e-01	1.124993e+00	0.000000e+00	0.000000e+00
146	3.752636e+00	2.548125e+00	2.330238e+00	0.000000e+00	0.000000e+00
147	3.125186e-01	5.008390e-01	1.600492e+00	0.000000e+00	0.000000e+00
148	3.463306e+00	3.785010e+00	2.660607e+00	0.000000e+00	0.000000e+00
149	8.184086e-01	2.992956e+00	2.614950e+00	0.000000e+00	0.000000e+00
150	1.460684e+00	1.719373e+00	1.509019e+00	0.000000e+00	0.000000e+00
151	2.078690e+00	5.382736e-01	2.764821e+00	0.000000e+00	0.000000e+00
152	3.442274e-01	1.429972e+00	1.533975e+00	0.000000e+00	0.000000e+00
153	1.519489e+00	2.048811e+00	2.366709e+00	0.000000e+00	0.000000e+00
154	1.286438e+00	1.159429e+00	2.515429e+00	0.000000e+00	0.000000e+00
155	8.087643e-01	9.020556e-01	8.477047e-01	0.000000e+00	0.000000e+00
156	3.372605e+00	3.378924e+00	1.580251e+00	0.000000e+00	0.000000e+00
157	3.273261e+00	1.701745e+00	1.223904e+00	0.000000e+00	0.000000e+00
158	2.150071e+00	2.416035e-01	6.293568e-01	0.000000e+00	0.000000e+00
159	1.600551e+00	4.529035e-01	3.949094e+00	0.000000e+00	0.000000e+00
160	4.199664e-01	2.375690e+00	2.135236e-01	0.000000e+00	0.000000e+00
161	6.903058e-01	1.970137e+00	8.963311e-02	0.000000e+00	0.000000e+00
162	2.463758e+00	3.872241e-01	7.495975e-02	0.000000e+00	0.000000e+00
163	3.848571e+00	2.926451e+00	8.659152e-01	0.000000e+00	0.000000e+00
164	1.436957e+00	2.930735e+00	8.615313e-01	0.000000e+00	0.000000e+00
165	3.756167e+00	1.894982e+00	9.593093e-01	0.000000e+00	0.000000e+00
166	3.111983e+00	3.097606e+00	1.464685e+00	0.000000e+00	0.000000e+00
167	9.598440e-01	9.890886e-02	2.361277e+00	0.000000e+00	0.000000e+00
168	1.988898e+00	3.402530e+00	2.324422e+00	0.000000e+00	0.000000e+00
169	2.567428e+00	2.757161e+00	3.610533e+00	0.000000e+00	0.000000e+00
170	2.235688e+00	3.203522e+00	1.590718e+00	0.000000e+00	0.000000e+00
171	3.197583e+00	1.771044e+00	1.943175e+00	0.000000e+00	0.000000e+00
172	2.944700e+00	3.573187e+00	2.554988e+00	0.000000e+00	0.000000e+00
173	1.678023e+00	2.535474e+00	1.712423e+00	0.000000e+00	0.000000e+00
174	6.896259e-01	2.542354e+00	1.346747e+00	0.000000e+00	0.000000e+00
175	2.774081e+00	3.975994e+00	5.345111e-01	0.000000e+00	0.000000e+00
176	3.527225e+00	2.071461e+00	3.045474e+00	0.000000e+00	0.000000e+00
177	1.279825e+00	2.013026e+00	9.340554e-01	0.000000e+00	0.000000e+00
178	2.668663e+00	2.113410e-01	8.113114e-03	0.000000e+00	0.000000e+00
179	3.571098e-01	1.944505e+00	1.295433e+00	0.000000e+00	0.000000e+00
180	3.454732e-01	2.368640e+00	1.732373e+00	0.000000e+00	0.000000e+00
181	3.998489e+00	2.611759e+00	3.833682e+00	0.000000e+00	0.000000e+00
182	6.935399e-01	3.256488e-01	1.178938e+00	0.000000e+00	0.000000e+00
183	2.412940e+00	2.275856e+00	2.305821e+00	0.000000e+00	0.000000e+00
184	1.934436e+00	6.591330e-02	3.804756e+00	0.000000e+00	0.000000e+00
185	2.531659e+00	1.598994e+00	2.286064e+00	0.000000e+00	0.000000e+00
186	1.877460e+00	2.473633e+00	2.351614e+00	0.000000e+00	0.000000e+00
187	3.576615e+00	1.675528e-01	5.939299e-02	0.000000e+00	0.000000e+00
188	2.217961e+00	1.274556e+00	1.465078e+00	0.000000e+00	0.000000e+00
189	3.559039e+00	7.618712e-01	7.689522e-01	0.000000e+00	0.000000e+00
190	3.780135e+00	7.371161e-01	7.103343e-01	0.000000e+00	0.000000e+00
191	2.587820e+00	1.486425e+00	2.339935e+00	0.000000e+00	0.000000e+00
192	3.285545e+00	1.552612e-01	1.475646e+00	0.000000e+00	0.000000e+00
193	1.177425e+00	9.746412e-01	7.938447e-01	0.000000e+00	0.000000e+00
194	2.147720e+00	7.338410e-01	1.665601e+00	0.000000e+00	0.000000e+00
195	1.754740e+00	3.910150e+00	1.886086e+00	0.000000e+00	0.000000e+00
196	3.440688e+00	3.647611e+00	1.399101e+00	0.000000e+00	0.000000e+00
197	2.696158e+00	2.321255e+00	1.330398e+00	0.000000e+00	0.000000e+00
198	3.996235e+00	7.291578e-01	2.954710e+00	0.000000e+00	0.000000e+00
199	3.804094e+00	3.400089e+00	1.298313e+00	0.000000e+00	0.000000e+00
200	7.466208e-01	4.564234e-01	3.107586e+00	0.000000e+00	0.000000e+00
201	1.197553e+00	3.266259e+00	1.891549e-02	0.000000e+00	0.000000e+00
202	1.912629e+00	1.556978e+00	1.337091e-01	0.000000e+00	0.000000e+00
203	3.248423e+00	2.518175e-01	2.959142e-01	0.000000e+00	0.000000e+00
204	1.430042e+00	2.719952e+00	2.229753e+00	0.000000e+00	0.000000e+00
205	3.456915e+00	3.731006e-01	2.702526e+00	0.000000e+00	0.000000e+00
206	1.358688e+00	3.468391e+00	1.252500e+00	0.000000e+00	0.000000e+00
207	2.762210e+00	4.703840e-01	1.743420e+00	0.000000e+00	0.000000e+00
208	1.658282e+00	2.744939e+00	2.192602e+00	0.000000e+00	0.000000e+00
209	3.064073e+00	1.872401e+00	1.443136e+00	0.000000e+00	0.000000e+00
210	2.793949e+00	1.903410e+00	2.605855e+00	0.000000e+00	0.000000e+00
211	6.075289e-01	2.738834e+00	3.584518e+00	0.000000e+00	0.000000e+00
212	1.000355e+00	9.594437e-01	1.369546e+00	0.000000e+00	0.000000e+00
213	1.961823e+00	3.535040e-01	1.342298e+00	0.000000e+00	0.000000e+00
214	5.143829e-03	2.452329e+00	2.907124e-01	0.000000e+00	0.000000e+00
215	2.003299e+00	1.448464e+00	3.414192e-01	0.000000e+00	0.000000e+00
216	2.232426e+00	3.795547e-01	3.175566e+00	0.000000e+00	0.000000e+00
217	3.736236e+00	2.920116e+00	2.396551e+00	0.000000e+00	0.000000e+00
218	2.837778e+00	2.531177e+00	1.489654e+00	0.000000e+00	0.000000e+00
219	6.176527e-01	8.892359e-01	1.387540e+00	0.000000e+00	0.000000e+00
220	3.819660e-01	3.701946e+00	2.606194e+00	0.000000e+00	0.000000e+00
221	2.309822e+00	1.171275e+00	1.622270e+00	0.000000e+00	0.000000e+00
222	1.486474e+00	3.168622e+00	3.032705e+00	0.000000e+00	0.000000e+00
223	2.669197e+00	1.186214e+00	7.035907e-01	0.000000e+00	0.000000e+00
224	1.249126e+00	2.065988e+00	3.059401e+00	0.000000e+00	0.000000e+00
225	3.354477e+00	2.688195e+00	4.887126e-01	0.000000e+00	0.000000e+00
226	1.793290e+00	3.820793e+00	7.403935e-02	0.000000e+00	0.000000e+00
227	3.793761e-01	1.743724e-01	2.677541e+00	0.000000e+00	0.000000e+00
228	1.436004e+00	2.913162e+00	1.519713e+00	0.000000e+00	0.000000e+00
229	1.814077e+00	1.196585e+00	3.006946e+00	0.000000e+00	0.000000e+00
230	1.737897e+00	8.333476e-01	2.073307e+00	0.000000e+00	0.000000e+00
231	2.066916e+00	2.662990e+00	8.734534e-01	0.000000e+00	0.000000e+00
232	1.311614e-01	4.297311e-01	2.489863e+00	0.000000e+00	0.000000e+00
233	3.129759e+00	1.866278e+00	2.542691e+00	0.000000e+00	0.000000e+00
234	3.004617e+00	2.598036e+00	1.197937e+00	0.000000e+00	0.000000e+00
235	1.722482e+00	1.749564e+00	9.222781e-01	0.000000e+00	0.000000e+00
236	7.276061e-01	8.764020e-01	1.687919e+00	0.000000e+00	0.000000e+00
237	8.611605e-01	1.524530e+00	2.772702e+00	0.000000e+00	0.000000e+00
238	7.999860e-01	1.365541e+00	2.643558e+00	0.000000e+00	0.000000e+00
239	2.278000e+00	2.342808e+00	3.572209e+00	0.000000e+00	0.000000e+00
240	2.108280e+00	1.856205e+00	1.242358e+00	0.000000e+00	0.000000e+00
241	3.099925e-01	2.044101e+00	3.198163e+00	0.000000e+00	0.000000e+00
242	3.532092e+00	3.872547e+00	1.902542e+00	0.000000e+00	0.000000e+00
243	1.772199e-02	1.853488e+00	3.575212e+00	0.000000e+00	0.000000e+00
244	5.808168e-01	1.787301e+00	3.166985e+00	0.000000e+00	0.000000e+00
245	3.522172e+00	1.137792e+00	2.873324e+00	0.000000e+00	0.000000e+00
246	3.955666e+00	2.870761e+00	8.784526e-01	0.000000e+00	0.000000e+00
247	1.525886e-01	5.572950e-01	2.457667e+00	0.000000e+00	0.000000e+00
248	2.012648e+00	2.572689e+00	3.176006e+00	0.000000e+00	0.000000e+00
249	3.138197e+00	3.677084e+00	7.533343e-01	0.000000e+00	0.000000e+00
250	1.290347e+00	2.866839e+00	2.957226e+00	0.000000e+00	0.000000e+00
251	2.098419e+00	1.302379e-01	9.078807e-01	0.000000e+00	0.000000e+00
252	2.751546e+00	1.228778e+00	6.723789e-02	0.000000e+00	0.000000e+00
253	2.067145e+00	2.505393e+00	1.397690e-01	0.000000e+00	0.000000e+00
254	1.097725e+00	1.463900e+00	3.761674e+00	0.000000e+00	0.000000e+00
255	2.456042e+00	2.702877e+00	3.248626e+00	0.000000e+00	0.000000e+00
256	3.650841e+00	3.683456e+00	3.843893e+00	0.000000e+00	0.000000e+00
257	3.068467e-01	1.172030e+00	2.307374e+00	0.000000e+00	0.000000e+00
258	3.810106e-02	3.645210e-01	2.504928e+00	0.000000e+00	0.000000e+00
259	3.318700e-01	1.738762e+00	3.370265e+00	0.000000e+00	0.000000e+00
260	4.406196e-02	5.493104e-01	2.602283e-01	0.000000e+00	0.000000e+00
261	1.657705e+00	1.054704e+00	2.417137e+00	0.000000e+00	0.000000e+00
262	8.231864e-01	3.294260e+00	2.622600e+00	0.000000e+00	0.000000e+00
263	2.039479e+00	1.517754e+00	8.989352e-01	0.000000e+00	0.000000e+00
264	4.040495e-01	2.860339e+00	1.720270e+00	0.000000e+00	0.000000e+00
265	5.804459e-01	3.554224e+00	3.841752e+00	0.000000e+00	0.000000e+00
266	3.314690e-01	2.999726e+00	3.901042e-01	0.000000e+00	0.000000e+00
267	4.804901e-01	3.597515e+00	3.440644e+00	0.000000e+00	0.000000e+00
268	2.909052e+00	4.411098e-01	1.733113e+00	0.000000e+00	0.000000e+00
269	4.256055e-01	1.151738e+00	1.255740e+00	0.000000e+00	0.000000e+00
270	1.222815e+00	3.849108e+00	3.960868e+00	0.000000e+00	0.000000e+00
271	2.300885e+00	2.974264e+00	4.624215e-01	0.000000e+00	0.000000e+00
272	3.918641e+00	6.066597e-01	1.299767e-01	0.000000e+00	0.000000e+00
273	5.184146e-01	9.938389e-01	3.450193e+00	0.000000e+00	0.000000e+00
274	3.388848e+00	3.654389e-01	1.931986e+00	0.000000e+00	0.000000e+00
275	2.884497e+00	3.748081e+00	1.998908e+00	0.000000e+00	0.000000e+00
276	3.642828e+00	1.014870e+00	9.141042e-01	0.000000e+00	0.000000e+00
277	3.348466e+00	1.675219e+00	3.404671e+00	0.000000e+00	0.000000e+00
278	2.312260e+00	2.147891e+00	3.598104e+00	0.000000e+00	0.000000e+00
279	1.339154e+00	3.168135e+00	2.850831e+00	0.000000e+00	0.000000e+00
280	1.908565e+00	1.247864e+00	8.480748e-01	0.000000e+00	0.000000e+00
281	1.592722e+00	8.775801e-01	1.488540e+00	0.000000e+00	0.000000e+00
282	1.886709e+00	1.922419e+00	2.102667e+00	0.000000e+00	0.000000e+00
283	3.517432e+00	1.479441e+00	9.580452e-01	0.000000e+00	0.000000e+00
284	1.865300e+00	2.098018e+00	1.382624e+00	0.000000e+00	0.000000e+00
285	1.762304e+00	3.044541e+00	1.596438e+00	0.000000e+00	0.000000e+00
286	3.334762e+00	3.339224e+00	2.330899e+00	0.000000e+00	0.000000e+00
287	3.420015e+00	1.912833e-01	2.897964e+00	0.000000e+00	0.000000e+00
288	2.076537e+00	3.590347e-01	2.296211e+00	0.000000e+00	0.000000e+00
289	4.195248e-01	2.953724e+00	3.245969e+00	0.000000e+00	0.000000e+00
290	3.006319e+00	3.207830e+00	2.000913e+00	0.000000e+00	0.000000e+00
291	1.336506e+00	2.660419e+00	1.655741e+00	0.000000e+00	0.000000e+00
292	4.661640e-02	3.481829e+00	3.107773e+00	0.000000e+00	0.000000e+00
293	3.476662e-01	3.225987e+00	3.161099e+00	0.000000e+00	0.000000e+00
294	5.907283e-01	3.700367e-01	3.206206e+00	0.000000e+00	0.000000e+00
295	2.706450e+00	3.300357e+00	1.099263e+00	0.000000e+00	0.000000e+00
296	3.320658e+00	2.306141e+00	3.319510e+00	0.000000e+00	0.000000e+00
297	3.008725e+00	3.647588e+00	1.010632e+00	0.000000e+00	0.000000e+00
298	1.686505e+00	1.095482e+00	3.772450e+00	0.000000e+00	0.000000e+00
299	3.561639e+00	4.709852e-01	3.848139e+00	0.000000e+00	0.000000e+00
300	3.675007e+00	1.843689e+00	2.881730e+00	0.000000e+00	0.000000e+00
301	1.237503e+00	2.705379e+00	1.311666e+00	0.000000e+00	0.000000e+00
302	1.176274e+00	1.644542e+00	3.820119e+00	0.000000e+00	0.000000e+00
303	7.418010e-01	3.449807e+00	9.144682e-01	0.000000e+00	0.000000e+00
304	1.467122e+00	1.917989e+00	3.645563e+00	0.000000e+00	0.000000e+00
305	2.985397e+00	3.574099e+00	1.889976e+00	0.000000e+00	0.000000e+00
306	8.201109e-01	3.603783e+00	7.809136e-01	0.000000e+00	0.000000e+00
307	8.146113e-01	3.172045e+00	5.677575e-01	0.000000e+00	0.000000e+00
308	2.300313e+00	1.353590e+00	1.794818e+00	0.000000e+00	0.000000e+00
309	1.497859e+00	2.510891e+00	5.446465e-01	0.000000e+00	0.000000e+00
310	1.873192e+00	2.740733e+00	3.492876e+00	0.000000e+00	0.000000e+00
311	7.718235e-01	3.740312e-02	6.342023e-01	0.000000e+00	0.000000e+00
312	3.037304e+00	3.962858e+00	3.748032e+00	0.000000e+00	0.000000e+00
313	1.179487e+00	3.636410e+00	1.137636e+00	0.000000e+00	0.000000e+00
314	2.452918e-01	2.618709e+00	6.484104e-01	0.000000e+00	0.000000e+00
315	1.833354e+00	1.176404e+00	3.814200e+00	0.000000e+00	0.000000e+00
316	1.251899e+00	6.716412e-01	2.739798e-01	0.000000e+00	0.000000e+00
317	7.790926e-01	2.208593e+00	3.814675e+00	0.000000e+00	0.000000e+00
318	1.237833e+00	2.522090e-01	2.877484e+00	0.000000e+00	0.000000e+00
319	1.869906e+00	3.504441e+00	3.140894e+00	0.000000e+00	0.000000e+00
320	9.996824e-01	1.662925e+00	7.784426e-01	0.000000e+00	0.000000e+00
321	3.284609e+00	4.222868e-01	1.373955e+00	0.000000e+00	0.000000e+00
322	6.727135e-02	2.629642e+00	3.893024e-01	0.000000e+00	0.000000e+00
323	3.005486e+00	1.200007e+00	5.107870e-01	0.000000e+00	0.000000e+00
324	7.963138e-01	3.646699e+00	2.067807e+00	0.000000e+00	0.000000e+00
325	1.639906e+00	1.898658e+00	2.744769e+00	0.000000e+00	0.000000e+00
326	3.337386e+00	3.448202e+00	1.938758e+00	0.000000e+00	0.000000e+00
327	7.020081e-01	2.650396e+00	1.213053e+00	0.000000e+00	0.000000e+00
328	3.788968e+00	1.181521e+00	1.824057e+00	0.000000e+00	0.000000e+00
329	9.222212e-01	3.772445e+00	3.478586e+00	0.000000e+00	0.000000e+00
330	5.919774e-01	1.364460e+00	4.798071e-01	0.000000e+00	0.000000e+00
331	1.177656e-01	3.286845e+00	2.000035e+00	0.000000e+00	0.000000e+00
332	2.593004e+00	6.182076e-01	2.215263e+00	0.000000e+00	0.000000e+00
333	3.920496e+00	3.773579e+00	2.537548e+00	0.000000e+00	0.000000e+00
334	5.705706e-01	1.579597e+00	2.886702e-01	0.000000e+00	0.000000e+00
335	3.680725e+00	1.952411e+00	2.178512e+00	0.000000e+00	0.000000e+00
336	2.244275e+00	3.528815e+00	7.880873e-01	0.000000e+00	0.000000e+00
337	1.383649e+00	2.988832e+00	1.291569e+00	0.000000e+00	0.000000e+00
338	3.403858e+00	6.363368e-01	2.912285e+00	0.000000e+00	0.000000e+00
339	2.768416e+00	7.602293e-01	1.173206e+00	0.000000e+00	0.000000e+00
340	2.065294e+00	3.393478e+00	2.179773e+00	0.000000e+00	0.000000e+00
341	3.439773e+00	2.712686e-01	3.211341e+00	0.000000e+00	0.000000e+00
342	1.009326e+00	3.745467e+00	2.063330e+00	0.000000e+00	0.000000e+00
343	2.386204e+00	9.243950e-01	3.073139e-01	0.000000e+00	0.000000e+00
344	1.024289e+00	3.222521e+00	9.027019e-01	0.000000e+00	0.000000e+00
345	3.711081e+00	1.363619e-01	3.835186e+00	0.000000e+00	0.000000e+00
346	1.978567e+00	1.771617e+00	3.562409e+00	0.000000e+00	0.000000e+00
347	1.409351e+00	2.962591e+00	2.591322e-01	0.000000e+00	0.000000e+00
348	3.234182e+00	8.922062e-01	3.309320e+00	0.000000e+00	0.000000e+00
349	3.735834e+00	1.688398e-01	1.691290e+00	0.000000e+00	0.000000e+00
350	1.507482e+00	2.505755e-01	3.422111e+00	0.000000e+00	0.000000e+00
351	3.416832e+00	2.697862e+00	2.959098e+00	0.000000e+00	0.000000e+00
352	1.564806e+00	3.699735e+00	1.442085e+00	0.000000e+00	0.000000e+00
353	1.125952e+00	3.872828e+00	2.613421e+00	0.000000e+00	0.000000e+00
354	3.769312e+00	2.831445e+00	9.721946e-02	0.000000e+00	0.000000e+00
355	1.967429e+00	2.576572e+00	4.505556e-01	0.000000e+00	0.000000e+00
356	4.880078e-01	1.947579e+00	9.600202e-01	0.000000e+00	0.000000e+00
357	3.060157e+00	5.110153e-02	2.863446e+00	0.000000e+00	0.000000e+00
358	1.935646e+00	3.985076e-01	1.716840e+00	0.000000e+00	0.000000e+00
359	2.934509e+00	2.957255e-01	2.258171e+00	0.000000e+00	0.000000e+00
360	1.085173e+00	2.504774e+00	1.731449e+00	0.000000e+00	0.000000e+00
361	4.671222e-01	2.923491e+00	3.116629e+00	0.000000e+00	0.000000e+00
362	1.175939e+00	5.142223e-03	2.425344e+00	0.000000e+00	0.000000e+00
363	2.748419e+00	6.761482e-01	2.280954e-02	0.000000e+00	0.000000e+00
364	3.359985e+00	3.261151e+00	2.169718e+00	0.000000e+00	0.000000e+00
365	2.450022e+00	1.522229e+00	9.901121e-02	0.000000e+00	0.000000e+00
366	8.138812e-02	3.890127e+00	1.362663e+00	0.000000e+00	0.000000e+00
367	2.285017e+00	2.819351e-01	2.482969e+00	0.000000e+00	0.000000e+00
368	3.264464e+00	1.838620e+00	1.684782e+00	0.000000e+00	0.000000e+00
369	1.341595e-01	2.818182e+00	1.178963e+00	0.000000e+00	0.000000e+00
370	2.830805e+00	1.341440e+00	1.585184e+00	0.000000e+00	0.000000e+00
371	2.182280e+00	1.574253e+00	2.473632e+00	0.000000e+00	0.000000e+00
372	2.337808e+00	3.543957e+00	3.279764e+00	0.000000e+00	0.000000e+00
373	3.000560e+00	2.416554e+00	3.030551e+00	0.000000e+00	0.000000e+00
374	2.478375e+00	2.041678e+00	2.483011e+00	0.000000e+00	0.000000e+00
375	3.970684e+00	3.282471e+00	4.866358e-01	0.000000e+00	0.000000e+00
376	2.887464e+00	1.602617e+00	3.180100e+00	0.000000e+00	0.000000e+00
377	3.948794e+00	3.378032e+00	2.575661e+00	0.000000e+00	0.000000e+00
378	1.130438e+00	3.267718e+00	5.293822e-01	0.000000e+00	0.000000e+00
379	1.326780e+00	3.192922e+00	3.443864e+00	0.000000e+00	0.000000e+00
380	1.027206e+00	2.523760e-01	1.684082e+00	0.000000e+00	0.000000e+00
381	3.730361e-01	1.617823e+00	2.747402e+00	0.000000e+00	0.000000e+00
382	3.593156e+00	2.178816e+00	3.354174e+00	0.000000e+00	0.000000e+00
383	1.602996e+00	1.547791e+00	1.723983e+00	0.000000e+00	0.000000e+00
384	2.980276e+00	1.495996e+00	3.210141e+00	0.000000e+00	0.000000e+00
385	8.408978e-01	9.700266e-01	3.237718e+00	0.000000e+00	0.000000e+00
386	3.346390e-01	2.778597e-01	1.987493e+00	0.000000e+00	0.000000e+00
387	3.801018e+00	3.708986e+00	9.336035e-01	0.000000e+00	0.000000e+00
388	3.073328e+00	1.418704e+00	1.550293e-01	0.000000e+00	0.000000e+00
389	1.577081e+00	1.995941e+00	1.784285e+00	0.000000e+00	0.000000e+00
390	4.863294e-01	1.738214e+00	2.156437e+00	0.000000e+00	0.000000e+00
391	3.236837e+00	1.515597e+00	6.329175e-01	0.000000e+00	0.000000e+00
392	1.444445e+00	7.838241e-01	1.731360e+00	0.000000e+00	0.000000e+00
393	2.969312e+00	1.221596e+00	3.370067e+00	0.000000e+00	0.000000e+00
394	7.136914e-01	3.011246e+00	2.016264e+00	0.000000e+00	0.000000e+00
395	3.349768e+00	3.546634e+00	2.766605e-01	0.000000e+00	0.000000e+00
396	1.833559e+00	6.335613e-01	2.644316e-01	0.000000e+00	0.000000e+00
397	3.020832e-01	1.111716e+00	6.112964e-01	0.000000e+00	0.000000e+00
398	2.058388e+00	3.321002e+00	8.378639e-02	0.000000e+00	0.000000e+00
399	1.977756e-01	1.451878e-02	1.717753e-02	0.000000e+00	0.000000e+00
400	7.027720e-01	3.488710e+00	2.748421e+00	0.000000e+00	0.000000e+00
401	7.146539e-01	3.188727e+00	9.381698e-01	0.000000e+00	0.000000e+00
402	3.819800e+00	3.384526e+00	3.729219e+00	0.000000e+00	0.000000e+00
403	9.817405e-01	1.134182e-01	2.219705e+00	0.000000e+00	0.000000e+00
404	2.579175e+00	1.928847e-01	1.813568e+00	0.000000e+00	0.000000e+00
405	6.314380e-01	5.777531e-01	2.295708e+00	0.000000e+00	0.000000e+00
406	3.963571e+00	3.739752e+00	2.009236e+00	0.000000e+00	0.000000e+00
407	1.223183e+00	2.042772e+00	8.617994e-01	0.000000e+00	0.000000e+00
408	2.631850e-01	3.350267e+00	3.929834e+00	0.000000e+00	0.000000e+00
409	7.153545e-01	2.963218e+00	2.805071e+00	0.000000e+00	0.000000e+00
410	8.252512e-01	1.996600e+00	8.582849e-01	0.000000e+00	0.000000e+00
411	1.195040e+00	1.044907e+00	1.747103e+00	0.000000e+00	0.000000e+00
412	3.567085e+00	5.883446e-03	2.883076e+00	0.000000e+00	0.000000e+00
413	3.864225e+00	2.026227e+00	2.791401e+00	0.000000e+00	0.000000e+00
414	3.068877e+00	2.611418e+00	2.096202e+00	0.000000e+00	0.000000e+00
415	2.867203e+00	1.086369e+00	2.601826e+00	0.000000e+00	0.000000e+00
416	8.822617e-01	1.721953e-01	2.085853e+00	0.000000e+00	0.000000e+00
417	9.259587e-01	2.587980e+00	1.815132e-01	0.000000e+00	0.000000e+00
418	2.692660e+00	3.534296e+00	9.146904e-01	0.000000e+00	0.000000e+00
419	1.201521e+00	1.962829e+00	1.258681e+00	0.000000e+00	0.000000e+00
420	2.647745e+00	6.580341e-01	3.579487e+00	0.000000e+00	0.000000e+00
421	4.410053e-01	3.976625e+00	3.136737e+00	0.000000e+00	0.000000e+00
422	3.138067e+00	1.489332e+00	3.206188e+00	0.000000e+00	0.000000e+00
423	2.401002e+00	1.643561e+00	3.334749e+00	0.000000e+00	0.000000e+00
424	3.123310e+00	1.466400e+00	1.780386e+00	0.000000e+00	0.000000e+00
425	2.951444e+00	9.154180e-01	1.430505e+00	0.000000e+00	0.000000e+00
426	2.492163e+00	1.776402e+00	3.990281e+00	0.000000e+00	0.000000e+00
427	6.461112e-01	3.190656e+00	1.347447e+00	0.000000e+00	0.000000e+00
428	2.535862e+00	2.255273e-01	2.436919e+00	0.000000e+00	0.000000e+00
429	1.291485e+00	1.986534e+00	3.669055e+00	0.000000e+00	0.000000e+00
430	1.810856e+00	3.064125e+00	2.744603e+00	0.000000e+00	0.000000e+00
431	5.403983e-01	2.473476e+00	3.708712e+00	0.000000e+00	0.000000e+00
432	3.178613e-01	2.295090e+00	1.579043e+00	0.000000e+00	0.000000e+00
433	2.984025e+00	5.090066e-01	2.874539e+00	0.000000e+00	0.000000e+00
434	3.750699e-01	3.799991e+00	2.455536e+00	0.000000e+00	0.000000e+00
435	2.196584e+00	1.983600e+00	2.360675e+00	0.000000e+00	0.000000e+00
436	3.862672e+00	3.919963e+00	2.822247e+00	0.000000e+00	0.000000e+00
437	1.507737e+00	5.393632e-01	1.077711e+00	0.000000e+00	0.000000e+00
438	1.088552e+00	3.300955e+00	3.143062e+00	0.000000e+00	0.000000e+00
439	1.447241e+00	3.773063e+00	1.876011e+00	0.000000e+00	0.000000e+00
440	2.121979e+00	1.022600e-01	2.683869e+00	0.000000e+00	0.000000e+00
441	3.785875e+00	1.193392e+00	1.337212e+00	0.000000e+00	0.000000e+00
442	2.515740e+00	2.044918e+00	9.438349e-01	0.000000e+00	0.000000e+00
443	3.032466e+00	2.656867e+00	1.971443e+00	0.000000e+00	0.000000e+00
444	2.034272e+00	2.003293e+00	1.351918e+00	0.000000e+00	0.000000e+00
445	1.691265e+00	1.085171e+00	2.471527e+00	0.000000e+00	0.000000e+00
446	2.958925e+00	2.655714e+00	2.577731e+00	0.000000e+00	0.000000e+00
447	3.921404e+00	3.037315e+00	1.596125e-01	0.000000e+00	0.000000e+00
448	2.608026e+00	1.097287e+00	2.100726e+00	0.000000e+00	0.000000e+00
449	2.905984e+00	8.792361e-01	1.320361e+00	0.000000e+00	0.000000e+00
450	3.307392e+00	3.344996e+00	3.355807e+00	0.000000e+00	0.000000e+00
451	1.056428e+00	3.379493e+00	3.140442e+00	0.000000e+00	0.000000e+00
452	1.416838e+00	8.045976e-01	2.871453e+00	0.000000e+00	0.000000e+00
453	5.101904e-01	2.770234e+00	3.321669e+00	0.000000e+00	0.000000e+00
454	3.291335e+00	1.467304e+00	9.704298e-01	0.000000e+00	0.000000e+00
455	2.013695e+00	1.731599e-01	2.298552e+00	0.000000e+00	0.000000e+00
456	3.767911e+00	3.281963e+00	3.944999e+00	0.000000e+00	0.000000e+00
457	3.597787e+00	3.998816e+00	9.532028e-02	0.000000e+00	0.000000e+00
458	2.048020e+00	1.073747e+00	2.457881e+00	0.000000e+00	0.000000e+00
459	1.609365e+00	6.047587e-01	1.802956e-01	0.000000e+00	0.000000e+00
460	2.227424e+00	3.197782e-01	2.512840e+00	0.000000e+00	0.000000e+00
461	1.302353e+00	6.515815e-01	3.130678e+00	0.000000e+00	0.000000e+00
462	1.304449e+00	3.878977e+00	1.973494e+00	0.000000e+00	0.000000e+00
463	5.098665e-01	1.326180e+00	1.110085e+00	0.000000e+00	0.000000e+00
464	1.206795e+00	2.600937e+00	1.949017e+00	0.000000e+00	0.000000e+00
465	1.127849e+00	3.749943e+00	1.286040e+00	0.000000e+00	0.000000e+00
466	2.470826e+00	3.164775e+00	2.365889e+00	0.000000e+00	0.000000e+00
467	3.491711e+00	1.180199e+00	3.596949e+00	0.000000e+00	0.000000e+00
468	1.920837e+00	3.500462e+00	2.617195e-01	0.000000e+00	0.000000e+00
469	2.720244e+00	3.144431e+00	4.525087e-01	0.000000e+00	0.000000e+00
470	1.313648e+00	2.473969e+00	4.162246e-03	0.000000e+00	0.000000e+00
471	1.954875e+00	3.577876e+00	1.365274e+00	0.000000e+00	0.000000e+00
472	2.158579e+00	3.233126e+00	3.156871e+00	0.000000e+00	0.000000e+00
473	1.527608e+00	2.515208e+00	1.104888e+00	0.000000e+00	0.000000e+00
474	1.854590e+00	2.095344e+00	4.457718e-01	0.000000e+00	0.000000e+00
475	8.721554e-02	1.831566e+00	3.126370e+00	0.000000e+00	0.000000e+00
476	9.012985e-01	1.240631e-01	1.128910e+00	0.000000e+00	0.000000e+00
477	1.582419e+00	3.714777e+00	2.264711e+00	0.000000e+00	0.000000e+00
478	2.994164e+00	2.909539e+00	6.252694e-01	0.000000e+00	0.000000e+00
479	9.027786e-01	1.000710e+00	2.933092e+00	0.000000e+00	0.000000e+00
480	4.801777e-01	2.347305e+00	3.156998e+00	0.000000e+00	0.000000e+00
481	3.657132e+00	1.421211e+00	2.290636e+00	0.000000e+00	0.000000e+00
482	2.720886e+00	1.929575e+00	2.364535e+00	0.000000e+00	0.000000e+00
483	7.391090e-01	2.205567e+00	9.612126e-01	0.000000e+00	0.000000e+00
484	3.099512e+00	1.505340e+00	2.460837e-01	0.000000e+00	0.000000e+00
485	3.929235e+00	2.647764e+00	9.617599e-01	0.000000e+00	0.000000e+00
486	2.979694e-01	3.972349e+00	3.270945e+00	0.000000e+00	0.000000e+00
487	2.767686e+00	5.061699e-01	3.196798e+00	0.000000e+00	0.000000e+00
488	5.881202e-01	5.359199e-01	3.205467e+00	0.000000e+00	0.000000e+00
489	2.283372e+00	6.338769e-01	1.569552e+00	0.000000e+00	0.000000e+00
490	3.454852e+00	1.690577e+00	1.520521e+00	0.000000e+00	0.000000e+00
491	3.395802e+00	1.243373e+00	1.370977e+00	0.000000e+00	0.000000e+00
492	2.003834e+00	2.441808e+00	3.466077e+00	0.000000e+00	0.000000e+00
493	2.353003e+00	2.915349e+00	2.270214e+00	0.000000e+00	0.000000e+00
494	3.488919e+00	2.264965e+00	3.273622e+00	0.000000e+00	0.000000e+00
495	3.772096e+00	1.615446e+00	2.794914e+00	0.000000e+00	0.000000e+00
496	2.126127e+00	1.816176e+00	4.763238e-01	0.000000e+00	0.000000e+00
497	1.574489e+00	2.431709e+00	1.732633e+00	0.000000e+00	0.000000e+00
498	3.571823e-01	3.162883e+00	2.572140e+00	0.000000e+00	0.000000e+00
499	1.959611e+00	3.186577e+00	8.048247e-01	0.000000e+00	0.000000e+00
