0
1000
1356
9847
6611
1727
6378
9548
4757
5668
5693
4860
8405
9147
1596
9450
8455
8247
8557
40
2360
7930
7040
1706
5405
7142
5612
545
7253
7594
9657
5887
3069
3486
5583
5912
1499
8911
8164
1491
9418
4216
6900
9111
2622
1063
5561
8166
2160
4572
5818
3047
1023
5543
1513
2925
6126
303
1135
9110
1854
529
6891
1465
3372
2388
678
3438
1110
3371
2468
2892
3110
3865
2110
5811
7961
4216
264
6110
7190
6926
1451
8966
4175
2448
9396
3407
6352
3735
835
2745
5721
9570
4629
7068
6044
413
6379
8076
9875
430
9710
5190
3366
6498
590
5344
6839
6224
6270
1471
1797
7447
2588
6818
1966
268
4888
2589
9126
6723
25
9019
3660
3032
9218
6287
6491
7972
4764
7870
7003
3041
8517
927
3379
7333
555
2145
6836
7686
1938
6561
4161
9904
7252
9326
8470
8987
6664
1717
2788
8199
7969
6074
4433
4476
4504
9252
3954
1736
9654
1952
562
1332
8162
5592
544
6999
3400
1764
6769
8096
9518
9624
4981
3034
9768
5775
4496
9238
9294
4917
8150
3568
4915
9316
2778
1645
5929
4331
4849
8339
349
790
2100
8659
1810
2225
150
4251
7593
6466
3958
1616
4997
3090
6854
4956
4417
2043
2555
6092
6904
8281
6722
7538
1467
4912
1300
2267
4251
5639
1121
4045
1917
1825
1589
9967
5940
8817
9939
6071
633
5552
1528
9882
2637
7696
262
2634
7561
9604
8116
7234
5706
9749
255
6696
2373
4416
1387
1820
631
9674
7442
2902
2113
4307
7457
473
2615
9464
940
9166
3828
1361
1824
3451
5938
5866
9526
536
5061
2783
4604
3147
6935
8649
415
6692
6953
8202
7292
7199
8044
7132
2269
3164
347
8681
4107
3983
5629
207
5153
9263
1800
7977
8652
8273
1938
5621
5219
9142
2749
7727
5123
5066
730
9207
4887
6730
1479
512
3723
1701
5210
5182
9757
1481
4790
6804
8499
3855
3731
1322
5074
856
9838
9215
957
1788
5529
4947
9304
2194
7812
7429
2148
694
9511
5171
716
9731
2305
3129
1874
5359
586
9778
3392
7721
2646
1673
735
5864
249
7589
6357
5002
9662
8394
254
1460
4473
6566
868
934
6067
4441
2421
426
8448
177
1315
6609
7804
4537
1548
5034
5817
8495
8536
8773
587
6386
3373
132
3103
9532
3729
437
8113
3637
4142
2406
5629
5825
7014
1026
3298
2099
1988
5206
7855
2668
9388
1111
7504
7699
2888
2416
4036
4829
6122
2790
8276
122
927
9815
7149
131
8924
8249
270
4489
7306
7755
6840
4858
4282
2106
5565
9854
3360
6005
8081
2212
1849
5450
329
3084
6566
1270
4723
3727
8296
307
4891
2782
7721
3375
3329
4743
9489
6573
539
5347
4608
8920
1903
4668
3909
8334
6645
1025
3416
644
5283
37
2318
8466
7982
3975
8084
5362
782
4281
5460
1984
8969
6760
4043
5119
4588
4480
7910
1150
1044
3034
8983
1833
2563
6248
5758
3613
7324
2512
9146
7943
7928
8039
3600
6875
813
7543
2906
3117
6038
2157
5566
5451
7245
4795
7531
4400
6341
1079
3516
5607
5275
4555
2775
2201
5860
8357
6052
6082
9232
6215
4200
4417
2346
481
3008
3060
2032
5947
8828
3392
5070
24
1050
2811
1454
3573
5614
2143
9503
9944
1594
7676
799
6583
3393
2051
6872
4008
1458
6944
3731
5508
7259
9612
3645
1775
2854
1159
614
6361
9082
8418
4327
374
4776
143
4906
7890
5433
1899
6116
6071
9366
4691
9322
4036
9763
3408
9312
9453
9368
3439
2696
4167
1652
4025
5926
402
214
8892
9210
9253
9927
4194
3493
484
4877
221
2613
5350
9578
1874
9906
2440
5756
3593
8034
8406
9810
3470
5909
5791
3382
309
1054
5789
870
3492
9283
7399
6708
5651
7981
8698
547
1987
4731
5374
3247
4713
2610
1342
2372
6113
4754
1393
7227
218
1511
9455
7032
9456
8347
2528
4054
2880
621
1802
776
6461
1238
6795
2724
3489
7260
5236
3792
2161
5497
3731
5829
9269
3328
1249
5955
3629
5323
4030
3965
5224
3180
5901
236
8786
6765
4147
4813
6238
9869
4087
5524
387
1415
4632
2705
5890
5044
1238
9488
6797
4130
3498
8317
8592
2861
7406
9812
191
2881
7829
8786
5613
2304
5908
7818
6114
409
3392
3449
3125
9670
7083
9795
7670
399
4915
6226
5339
3767
1559
5740
4862
2771
403
3223
1230
6001
9462
2882
1303
7679
194
2857
7075
6566
652
1051
1258
8672
2990
3119
5567
6467
6786
8694
7013
1687
1982
2878
9902
8616
249
5274
6946
302
3279
6697
3783
7136
9589
2652
8534
2665
6214
9554
8897
4746
4496
9954
7619
8109
6770
7171
9339
5124
9398
5243
449
4749
2149
2826
6436
1253
2151
5677
2443
97
4642
4633
6267
7756
5655
4762
1164
8939
2530
2065
733
6201
7913
5073
5430
2052
1447
3162
5790
4277
5780
9988
8625
4464
5194
8290
8349
6053
2274
7678
3447
8066
579
6269
8031
1461
5767
9770
4137
8205
2768
1230
9505
3683
4960
1784
5088
4613
5564
5518
6138
7961
6300
2571
2434
8520
8261
3372
7241
6125
3422
7253
2118
2282
7830
1169
6925
2238
6412
7489
4874
7742
6515
2282
9939
1197
4488
2944
5732
8144
5992
2236
3488
8371
8091
6963
7792
2284
6336
7598
3758
5723
4675
5351
2145
4886
9563
6352
6186
648
5163
1326
8695
7246
4226
2924
7444
2845
2277
8456
5181
3454
585
2614
6411
1782
1921
2096
6278
5800
8163
1850
5210
5726
90
5693
1398
9444
735
9546
4586
1667
2047
9299
1391
3552
4081
9337
8240
6489
555
4091
3476
69
5919
6113
1183
2643
4568
3368
4483
4257
4835
4214
9933
1468
5987
8584
2684
3427
9428
8494
5322
6958
9022
6830
2010
2844
6842
8269
4050
8722
4726
9022
1319
7809
4663
6897
9547
728
2017
3890
2510
5957
7828
6535
4923
6748
2652
7538
7250
8269
5880
4047
1143
6254
5897
1652
7028
8129
7797
9093
5518
