0
10000
5234
7130
647
4623
8107
9342
3866
6641
8991
8268
3947
5508
7006
2913
6227
2598
8868
7136
4912
1531
23
4926
4457
7194
3355
4426
6347
7158
621
87
2965
7593
7031
6550
3925
6639
5254
4984
7196
8109
5545
1033
8408
1220
6488
2071
1757
4224
9567
9620
137
633
8659
1960
2587
5841
4480
911
666
2572
9327
595
367
9831
8321
6656
1136
5113
518
8918
2795
1061
1939
5934
5645
635
1048
3384
2977
3653
2938
5100
3387
1765
7697
6255
9040
1329
4382
5024
5603
2881
7387
2021
1095
959
4776
9050
8070
4878
5006
2267
3070
5730
6315
2789
7576
1023
5857
1956
3814
5261
9161
575
8249
7488
9716
4628
3097
605
3896
1670
4307
6992
8621
1513
1366
7419
1970
610
9336
7692
8523
4627
4863
5472
788
1743
8021
9399
7572
433
6489
2645
6651
9019
7507
3259
9351
3235
4566
6823
4425
38
5017
1878
7477
5282
1141
5890
8862
9949
188
8433
2468
7658
2648
8580
8762
771
1789
27
3281
7989
4801
1455
9589
5615
8054
4771
8194
9986
2351
5298
9077
9300
8375
1500
9640
6292
8225
2224
2789
126
9754
9581
4619
6664
4054
4002
5990
5781
4383
8404
4797
8370
9355
9287
4526
7366
7233
4953
7148
2414
5156
2212
4636
1698
6323
3282
7539
6270
4926
7787
5656
5999
6018
4269
4612
4398
6259
2068
5824
3069
6763
7063
9897
8703
6053
9922
6787
1502
998
8340
3401
8023
9477
9536
3417
9855
7991
4611
7157
9473
3902
7768
3737
1223
1408
6677
9314
964
9122
356
9309
36
3229
762
8813
8587
2677
3689
6964
737
8104
6772
1150
6312
8617
7277
1600
5442
9850
9937
4916
257
4001
5220
151
7206
5812
6757
7527
9345
2454
7165
9326
8200
7471
8622
5632
2701
8463
1025
4857
5856
3063
2885
7900
5522
1227
3139
3693
1298
4780
7447
252
7708
4487
2686
7530
9832
3354
4718
8381
4164
3093
1850
7190
4290
7649
2888
517
5938
5330
5600
1507
8690
9579
387
5830
2837
3080
2248
3686
1038
7997
3096
3189
6178
9064
4611
7877
9718
550
631
4069
3128
2545
946
9688
7941
5800
5844
9774
6648
312
1188
5656
7602
9094
4855
7246
7177
174
5467
5871
9924
947
2234
2111
5060
9588
4956
270
5282
4958
2028
9999
1050
1466
2983
9887
851
1166
2545
1142
3086
4858
9990
69
2684
3893
8965
388
4222
3480
4197
4770
7248
5865
6372
752
2250
6744
9289
6972
8497
3391
8273
6477
439
2830
6447
6544
2253
3583
6280
938
6249
2524
5584
5424
4034
7103
4957
5380
8715
8820
5327
4419
5978
9532
1951
7217
1484
132
1055
7941
5597
4785
4687
3075
8944
4798
7842
9239
8023
5490
3195
1385
7770
2728
200
6872
6629
6836
2698
5050
1555
5203
755
2026
7900
6532
6674
9525
8859
6500
1235
1190
105
5896
6724
2443
438
9018
9979
7641
1172
4596
6888
7562
1907
2771
7577
3056
7816
7688
2045
9958
8271
8568
2097
535
231
1255
3580
6410
9143
2236
5209
5754
1558
6565
7999
3147
4455
4705
7097
3642
4481
8471
3976
63
9144
5124
183
279
6869
7140
8689
3371
3820
7725
6835
2730
6167
4398
710
4426
8221
8337
9959
1643
7925
7703
3151
6927
3933
4462
5030
561
5849
6666
4550
5161
8106
3352
3198
8250
3557
1636
6611
5749
9259
6967
9607
9901
4184
4322
8553
4941
7182
3165
9001
5134
4350
1261
6467
1287
7701
2195
7788
7487
3275
6339
5180
2950
5343
8486
6069
2545
5000
3368
215
3349
6269
4393
6007
9986
1056
3015
9399
2923
7493
9058
8099
3989
324
6132
4191
6462
9726
1374
9933
7252
4346
6281
6670
27
17
9757
3038
3603
5104
2058
4233
1239
7417
9913
6338
3750
4414
2056
1458
3920
2909
8881
5726
5582
5428
8094
1277
316
833
8915
4693
7945
8717
6632
7465
7075
8854
2086
9606
3101
419
9718
1111
9763
6171
2152
5259
4779
2502
4964
8407
6240
8648
895
6410
1498
8164
5770
8798
2279
6717
9462
4718
1568
4843
7738
379
7839
2496
2369
854
4283
7607
4226
5315
2186
7361
1579
8469
7070
3401
6399
7541
9785
9197
8214
3057
9450
3941
8359
5645
466
248
6029
6364
2546
3599
3123
928
7421
6157
6012
3961
2760
187
7584
107
6322
4859
5402
7421
2040
8633
2393
4375
5213
3222
800
6157
6599
7588
5481
3265
554
6171
5190
9711
5962
9854
9812
4819
8307
56
6546
2416
8460
7616
5717
3606
2950
7262
5451
9232
8183
687
1109
1934
7815
8185
2890
2592
6412
874
2884
6467
1168
4111
2375
7145
920
1007
5115
3746
9477
4968
673
1402
2681
5518
208
6023
3140
6778
614
7597
8567
4059
3440
3223
9901
9149
7384
3989
6061
1018
2537
3446
4414
9088
914
8877
6081
2520
9281
1874
6068
2546
3622
3217
4171
2331
8143
9269
921
527
9348
4835
9444
7235
4211
1624
2311
9463
4420
4752
3389
6732
4978
2995
9088
1225
5605
8754
3082
5702
2310
2477
5369
5771
1849
4284
3413
9816
9035
8774
4619
8720
8682
2740
3082
9035
8701
1617
6400
355
4468
8357
4860
8877
5297
3003
7891
5611
4725
1640
1363
5301
7381
6248
8288
9075
2656
4137
2307
1050
9053
8194
9405
9305
7227
976
1845
9574
3695
7117
1359
7554
971
4651
3147
2799
4077
567
8699
8513
7841
3614
5905
8071
3330
942
8735
4596
772
6928
6334
9217
4556
1207
3030
7956
8367
3950
7437
2366
5048
6725
1236
8306
822
5891
4993
2381
7927
454
1969
3836
8141
659
1925
9362
2019
2265
2727
6008
7658
4960
6878
5751
3477
674
22
8549
736
5408
8090
4777
7101
6293
7918
9337
7609
8914
1482
5671
6053
5151
5635
6063
3694
9253
7474
9423
8980
1889
3799
2583
3708
4818
55
7888
8681
6701
6376
8993
3676
8987
4485
1246
8680
2779
4266
1656
8424
4165
1533
1882
9632
9898
9831
9868
5364
8393
2132
7477
8238
153
262
7588
3060
1406
4909
8676
4248
1572
1704
7717
2127
4002
5081
8621
3452
7472
5240
2040
4568
7376
8665
1780
5821
8638
7819
4565
4127
9576
9502
2382
7970
5237
4229
3784
4477
3769
1938
5153
6721
2958
2866
7413
2450
8201
7481
8030
3568
959
4488
6893
8681
5928
9873
2399
5035
1467
2634
4038
7518
9322
9445
2035
7371
9067
8220
3837
3353
4071
3801
2271
4241
6177
625
8459
2678
9243
8628
9424
2405
8209
2579
8554
110
5186
1016
731
5670
9403
9508
1055
4904
2433
644
9007
2078
9230
1310
3591
9475
2585
6209
2963
6097
2586
8177
7595
6548
3415
8748
1428
9777
8481
359
3249
4885
3879
241
5779
273
8184
1950
4768
7029
8213
3673
7296
246
1734
8111
61
6675
6306
1684
3397
5101
9882
453
8909
3743
2879
8648
2784
2966
7109
6686
9353
3788
9393
1790
5358
9427
8533
9876
3512
4795
1800
1583
4475
6999
5940
8035
7631
5693
4973
5525
6225
7589
3350
206
1727
3922
9367
1190
1252
9830
4410
2185
767
4680
4925
4288
8054
318
5606
6573
726
1501
2630
5371
6719
5358
8797
6978
2624
8672
8482
7157
7498
7099
2823
466
9689
920
4582
7824
3108
6476
7888
7290
9214
7973
6305
9135
5370
5976
5369
502
5634
5840
255
8209
7130
1698
5765
375
3795
9256
5275
2058
7387
8724
1834
7922
6709
5147
8160
8704
2201
9288
534
8883
9785
7208
4900
4535
5914
3953
6709
5973
2078
1315
5691
6683
3055
4598
6857
8790
4364
7812
6316
3003
744
2715
1530
7939
1904
8619
3032
4885
6458
3138
2376
7836
5415
8844
4075
3915
1337
9869
4718
7320
8028
5281
5883
1571
5985
3898
133
6808
1501
9230
7336
7955
6607
740
2785
6660
523
2347
3566
2196
876
7106
9917
7038
5444
6135
37
4400
3370
3656
2202
5989
2715
3774
4826
5757
6854
3935
3814
5545
3052
291
7844
6916
2822
3144
9572
5625
7479
5474
302
9936
2114
409
3032
5180
9603
3478
3843
9917
1262
8666
982
3219
570
6551
8862
1736
1593
5946
5258
6663
6207
1399
4144
4500
336
5093
5125
2872
5091
1842
2144
2334
3754
4939
4534
2918
6011
3003
6265
2946
9413
2902
734
4174
2035
6850
6720
1366
169
6799
2857
4182
8495
3727
7430
5774
6272
4928
9347
7473
732
6813
1539
5994
7381
5979
6153
8358
7931
9447
6003
40
1951
4319
9112
4532
9124
322
5174
2755
5734
280
9921
1756
6249
1200
2333
1920
3806
1890
3429
480
1017
2715
6541
4447
2391
5132
4850
2883
4513
854
8686
9880
1279
6458
3450
6266
9886
5009
17
7057
7150
7523
8650
4634
5992
7405
9066
4177
2151
9144
6598
9626
2623
3087
8338
5285
4949
1375
1056
6118
1183
6945
9971
2757
473
9796
7569
3892
2823
6323
4342
9031
8056
1826
8148
5695
880
8084
6503
784
4180
4748
647
7448
539
3974
1258
5952
6097
2689
6268
166
9623
6391
746
6041
9841
5956
1945
1038
9435
707
4668
2096
7266
249
8638
6485
7759
8576
8057
2775
3118
4623
6670
9176
7767
1296
4177
5292
8071
2093
2676
4552
7501
8702
5927
9563
2786
5898
1087
491
4527
5252
2709
8234
2049
6368
7090
9330
5953
6314
8324
7130
7434
8295
8106
8182
2629
5331
1922
8049
2834
1590
9473
1409
1566
535
7284
6785
238
2081
6780
6347
7560
1143
7900
2694
5162
9232
4009
229
8656
2499
6728
5018
1317
9881
5746
966
2230
6525
2903
8894
8785
8926
4820
601
4146
5987
1121
7512
8650
3278
2332
8598
8813
1242
7365
5648
4644
6962
7420
2550
6990
6107
8666
8130
9669
1922
9571
326
7370
7118
9397
9863
1822
6708
1786
2264
1734
2874
2096
9434
8157
3710
1567
9205
2878
6363
167
3925
6189
3263
3331
9996
3923
459
1777
1563
5910
1786
8898
7232
4427
8594
876
6882
6383
2049
6724
8948
8916
9542
78
8409
216
7265
5286
1813
3568
3761
5505
6134
3591
5504
3298
7471
4254
9699
5714
7918
6078
5090
8178
8047
941
4664
8599
7114
9725
9386
3907
4242
1002
1348
8866
1252
8837
2865
1069
8268
2193
6008
6397
8142
7700
6622
8460
5513
8184
7390
6620
1899
7640
6186
826
7030
6446
796
5667
2061
8986
6461
5984
6625
5986
1291
315
6222
1459
2138
9333
8595
5293
8501
4818
9017
8943
3306
4116
575
445
9243
9207
5865
5110
1252
7523
6267
5985
7134
8983
2526
9882
4719
2429
8496
230
7481
4707
816
1065
6058
8651
7686
8353
5757
6280
7196
6828
5905
9594
7164
2519
9650
8856
8794
6246
7671
7326
5229
7411
8515
7976
7778
6593
4840
7213
4472
7256
338
9964
2609
268
1567
5209
3720
8153
4737
6710
9840
3384
2723
3562
5946
795
2482
28
4640
2558
1107
6521
5456
9371
2109
9941
2714
8642
1842
3122
5123
7168
352
3410
5443
2430
6683
7211
2602
7825
1297
8685
9492
718
5324
432
2045
46
3133
6632
387
4179
4823
808
8917
1720
9435
2672
2331
8424
3291
3330
535
8614
4538
532
3824
9169
5755
2576
3954
4101
7539
1055
1994
4226
7972
1169
5346
7549
6799
4072
9679
4333
4785
2597
1459
6041
1049
6649
76
656
312
1777
1936
2757
6323
6411
7309
7855
6938
9966
6924
8506
9210
7450
3767
8022
714
4123
6241
9946
5801
7255
7196
3714
9763
8438
9411
2272
117
5621
3588
8363
3644
8795
4763
4880
7694
2372
645
7750
7828
290
6435
6135
2571
8778
5628
7663
2418
3290
2370
9256
4430
7419
6754
2543
7498
3433
9379
1064
2223
702
4403
4485
9739
5069
5792
9092
311
596
3040
3782
6075
8168
8447
1341
1913
670
8658
6839
8501
6149
2587
5605
5272
7012
4221
7821
7804
4773
5678
9369
4819
732
1434
1597
1828
2533
7881
5114
6601
9337
797
6333
7161
3079
7792
532
5515
4802
6989
8072
8846
7682
9007
7638
7039
7289
9783
1421
834
6235
3301
2515
7407
8262
6412
253
2107
624
4732
6588
8992
8319
7927
4030
9999
6468
7894
9831
5036
3635
8530
5027
3129
9153
618
1397
4493
245
4373
5157
3027
5795
2577
6925
8982
8552
1400
8102
3032
9630
9512
9782
3336
7452
4189
549
8313
5694
569
5152
824
7357
1981
2524
3674
6513
4231
8379
7501
442
7930
84
7985
6417
6662
7780
6169
4490
5818
5925
3975
178
9386
1836
9098
2104
619
8975
8376
6680
3113
9934
4210
8344
5204
7584
8639
6616
1216
46
9089
4076
2407
5274
1830
547
2793
1171
8584
6355
7742
3245
2844
3924
952
6288
9745
1827
1275
6597
2907
6404
3144
3136
8463
4719
2333
523
2683
3591
1459
455
6311
9928
1346
4851
9628
645
1631
6521
7905
1622
3451
9644
7596
4829
559
936
5787
1144
568
9823
105
247
9194
1397
9217
9918
7888
9059
5687
4629
4572
6352
4996
9690
8934
4291
4220
9069
7918
8315
8340
7646
8932
4297
7555
6873
7187
4064
2976
8377
1856
3024
4761
6970
5583
1724
4410
4329
1788
2376
6532
3789
5347
10000
5660
6757
798
1571
7933
986
6040
1392
753
2166
4223
779
256
9728
9274
6521
8549
220
4432
4723
5178
2923
3655
2760
7575
4164
1210
7737
631
1934
4585
653
3582
2010
4645
3786
1287
8835
6189
154
3259
215
7404
3368
317
1989
4434
9262
4325
8402
4291
4953
9596
4012
2699
7951
8550
434
1714
1532
681
8042
684
8260
5025
4907
7648
9081
9705
5593
5148
3935
116
899
6437
6315
6661
5680
9208
3639
1384
5893
6444
4147
4296
9688
3323
3074
913
5465
2035
6205
4003
1324
7014
6063
2276
3963
5959
4477
5595
930
7032
5818
8962
5943
2991
6051
9220
612
2586
2675
9851
4087
6361
5603
4694
8715
5437
5234
353
8044
6870
1594
9115
3620
3578
7033
9978
1874
3066
6233
2446
3886
9383
8357
2230
8520
255
8526
3288
2014
7015
9870
1760
2969
4215
8190
9366
3024
3202
7974
930
6326
9032
133
4108
237
1778
7501
5159
87
3867
6458
6558
6793
6999
3552
4327
5836
230
1731
5196
2400
92
4455
7944
4607
2873
4452
3221
9498
8011
4983
89
265
7176
5795
8510
7665
8391
5118
7989
2795
6827
1914
4725
2088
699
6492
6281
9875
1796
1643
7484
2246
3312
1322
7059
6634
4012
3278
7313
7346
980
5146
2610
3537
4238
4820
8133
163
5272
3143
2356
6231
4695
4308
8618
9441
4400
4065
6925
9559
695
3603
9492
1674
5347
4030
7428
3933
2746
3203
4521
2242
5565
2023
7568
1649
1103
1283
7391
5211
2296
7376
8080
585
851
9681
5852
9675
1544
3248
2244
9917
5071
682
4033
4654
9451
1129
8183
5108
4175
7084
179
5547
4617
1893
2171
6000
2698
940
3290
1524
2378
6704
6144
8374
4610
8171
5054
7588
673
6027
5022
8571
9324
4289
1276
9286
620
1456
2758
4143
7358
8326
7797
4956
3318
8057
6019
3787
1712
3123
4887
933
6167
7545
8833
2833
4995
2215
1682
1107
6632
5848
9886
5509
7764
2225
1677
4636
7499
1569
8486
477
7742
8545
7885
2644
4663
2335
9401
6924
8469
1006
3907
459
9080
3804
4637
9754
9144
7699
9001
4205
8068
7799
9586
2592
8791
5315
3336
6409
6699
6724
9383
20
5430
9083
6075
7249
6491
4563
5344
4939
1354
8080
4515
1467
2476
6367
2887
7543
1385
1582
3022
3820
2577
7694
139
7840
2784
8503
9557
5501
2425
8147
7452
645
6610
9625
3756
4977
880
1698
2451
489
6774
9608
4071
9933
563
1923
6885
7115
9851
5896
3356
1828
3575
9635
3218
9703
7868
3556
5751
5101
7329
6084
4159
6426
8815
7093
6873
2993
9058
9767
7708
1396
876
7557
4137
2728
2755
6629
1378
5319
5555
4017
2604
142
965
8205
2923
3578
4220
2210
6010
3389
5067
1767
3499
1706
2338
4477
9656
2987
7719
8952
5204
6986
5894
2606
3329
1701
9921
308
3294
7511
7004
5246
589
7013
4928
7366
622
130
3510
354
6740
9745
1842
7545
2966
8634
3077
9103
5601
4324
7886
947
566
8194
581
649
172
5708
4717
9385
9646
8970
6167
411
9621
3119
9845
9615
8861
8330
1986
5205
8375
9636
2186
2659
8134
4675
2154
482
4380
3907
8787
354
7006
464
5138
974
6185
2918
3004
6483
9705
5972
2503
2507
7096
2610
2686
9483
5402
9664
1612
6103
1458
2863
9369
2272
5542
3417
6806
7990
7904
5705
1306
679
9535
965
4896
8694
9474
1488
847
4139
5969
8944
2858
9070
7352
7321
9193
455
2219
1247
7065
4512
5260
6162
920
3929
1053
8777
1009
5052
2587
9756
8097
1404
1770
7884
1482
1621
7278
8852
1049
6696
7720
1549
4078
1545
5109
3211
729
5275
1907
2682
8819
4344
8463
7013
458
8829
9477
5064
9482
1031
9886
8366
2602
6887
9015
1606
4120
8185
2412
7511
4077
9660
6797
477
1489
7466
7520
5499
5340
6186
5349
2074
5295
2746
2962
2599
5874
7243
3166
6968
206
3497
5265
554
7985
9475
4985
3984
1932
5332
7174
1795
3729
8892
1283
6372
9551
9812
8461
4315
6685
6580
1746
2427
809
1102
7794
4102
5956
2780
7029
4560
1105
7089
6068
7096
9440
7924
6994
521
4422
1673
5698
1124
6794
9001
32
3206
6420
4744
8605
815
2214
1266
8500
6505
1684
1924
8345
2349
2302
403
2698
2112
4973
8534
2572
7126
6410
9759
5275
5678
886
9353
4266
7002
5714
6502
9167
4837
4082
5975
3726
1532
537
3706
3995
2309
2476
8811
4551
4812
1117
5539
5602
7759
9151
2027
3272
3334
2599
7476
9380
8992
5621
1137
4684
5725
8797
9604
8499
6442
5527
9401
3759
82
9642
6255
193
29
1004
3385
4290
2308
3854
7524
9812
9521
5066
7742
1249
7787
3727
6303
3947
4299
9107
9280
1095
7785
3177
1869
8420
7896
4458
8445
99
2156
102
231
983
2204
6192
2721
6469
3910
5802
5900
4088
2233
4409
4677
9868
7697
3351
2693
9548
187
8538
3018
9071
6347
5340
1874
400
9449
8217
7527
4949
237
6150
7250
9821
3203
2153
4879
1934
458
1091
6682
5555
6952
793
1883
9246
1654
8220
198
1484
5368
3252
5693
9207
6486
3116
2209
9372
7154
4267
24
2257
6645
381
1746
9946
2942
9600
8852
8673
7447
7472
1520
9199
4356
119
5831
5449
6218
5732
7040
3540
8664
6196
5418
486
6640
8374
5173
2269
2167
8300
6841
8707
6616
7349
9812
2798
3562
3863
4465
700
831
2558
7754
3905
2393
2815
3
6414
8726
9802
2494
6679
3521
2587
1995
3172
4718
7848
9215
500
5289
6014
7183
3864
6002
4833
9195
9642
8407
3790
6517
7722
6762
5380
4191
6419
5491
725
4615
1177
6418
4296
7221
5110
3397
8153
9088
685
4434
5832
5137
3629
7535
9327
2108
6936
6104
5322
3379
1781
1206
4780
256
176
9901
5066
589
2707
3454
9624
2629
8554
8728
7479
1892
3310
4432
3952
5589
5628
2952
1358
5220
5334
5485
8695
1524
2441
3696
2281
2171
5914
4350
4459
8445
7594
1957
3211
6820
8499
2665
815
1970
5535
1388
1296
2570
2182
8005
4457
8469
1424
3318
7946
3883
8967
5031
3226
7568
6702
1411
8316
9275
4681
3196
6646
2111
4753
8861
8203
6619
9528
2960
4745
8250
6896
8760
423
7412
5450
1650
5148
3506
1949
3028
3078
5165
550
2186
591
7301
9397
4532
8112
6223
2366
6663
5330
7043
9068
4191
7106
7012
2391
4822
9024
9725
1302
7568
568
3532
8461
4126
419
7981
4284
112
9829
6581
6699
4199
2363
4055
7241
326
896
3692
71
3498
9912
1625
5572
5957
7956
415
7615
6448
941
5967
2110
7046
1808
4843
3157
2602
3586
2052
6349
7703
714
7206
9286
7872
9128
2150
8061
4747
9836
9274
8633
5493
8748
8889
4117
9058
8043
7188
4987
4810
2821
1251
3890
3894
3056
2900
3421
8875
4848
4697
2676
1934
5218
2546
671
5532
4570
313
8465
1846
8054
5383
7261
6625
1650
5188
208
9513
8244
1563
3007
1412
1031
2707
4033
7000
5067
9649
1936
7812
2756
9932
3324
6084
9612
3514
8007
2508
5395
9773
50
8147
4703
1690
2915
9655
1757
3978
9612
9616
2356
8656
1898
6307
6740
7601
2924
6767
3838
4741
5559
8523
9345
8107
1857
4837
8098
5882
639
3627
7478
737
1261
1845
7457
3500
6858
8434
1944
2104
5436
9351
4472
8326
3508
2225
363
7333
6158
8132
2783
7418
9519
1686
6570
2427
2027
2417
685
975
9050
5802
7363
3304
4922
1666
2013
5927
7446
9874
4123
1635
1871
1126
7031
6328
5217
8443
9496
3070
7812
8801
1818
2623
2295
8616
685
7166
6659
2779
6518
1703
5492
6067
9667
2760
3138
7738
3529
8742
9057
70
5190
5160
8738
468
8503
2240
220
1216
2913
4054
8528
6044
2567
5753
1445
5848
4442
4401
3237
4434
9849
4926
2946
2535
9797
3935
2585
8135
9370
7056
4934
5073
6171
8926
6120
5435
712
2597
5986
9674
6559
1990
2110
3861
6750
4929
9049
9813
2857
2186
2652
9965
9121
1323
487
2615
9907
9159
6127
2720
8164
4655
9318
6784
3587
7317
8852
4023
6260
1014
7425
8461
4727
9454
3835
6756
8190
9179
9532
593
8162
7275
6082
6669
9263
889
8123
3723
6123
299
8446
4307
895
9683
796
170
3865
1548
1230
3169
9921
7253
4627
2943
4144
8096
8181
6587
1936
7646
9719
938
267
4463
3839
2344
8226
2145
6259
6260
6850
8205
2518
1398
1164
6918
2802
6392
9534
4983
3525
3262
4338
4444
7696
6799
2803
8453
3530
4038
7360
5444
6406
2071
4398
9760
5560
1969
2891
7910
4733
6387
6402
5477
8840
2334
1297
3158
7136
3484
2031
183
4442
929
5326
7733
3413
4082
7511
7251
3457
6759
4717
5079
4891
2588
9296
436
6327
3068
4621
9116
5060
8942
8444
7562
9062
830
3171
3149
5387
7525
95
6346
2759
5451
2925
3666
3231
2780
6197
9100
9738
3856
1803
255
5326
1049
8886
2194
4928
7715
2516
6297
7193
4687
2308
1010
5883
1484
4913
9138
2654
5236
6365
8948
4073
7325
2409
7420
8299
5520
5853
4679
6900
1375
5692
3478
1510
3765
1264
8147
8770
6241
1491
3644
7660
9142
2817
1363
54
9188
2392
9810
8251
4911
4459
268
8794
9756
1127
4371
7508
2442
630
1337
792
1671
1751
7290
9856
3238
1032
4740
4713
5101
6610
5848
79
905
839
7178
4353
6622
9639
9627
3962
3463
8412
7376
532
6059
6755
5494
1512
167
8392
5234
4621
8768
3502
8837
4059
582
3970
9129
4788
8620
2873
9511
6674
8152
2899
1363
9839
4800
5023
5099
4679
2959
2884
9849
4623
9838
9587
6190
1392
685
6801
2817
6572
867
5419
7638
1186
7580
7432
3722
6687
952
9560
1476
7380
6303
8005
2404
4070
2906
3855
6529
65
4575
628
2850
3094
8307
9006
9289
7953
7324
6626
3463
4320
8854
3820
3628
9756
7710
7641
3510
4622
7951
2427
4686
3725
8692
733
6940
1183
6446
8983
11
8362
7132
7896
3182
1365
3743
3983
2089
8954
2874
2501
8456
890
6659
7345
3178
2973
9708
8973
8674
9991
6282
191
8186
4822
6858
9495
4506
1111
4215
3101
1709
697
7768
7168
6634
2289
8756
3476
6119
6271
173
1001
5168
3424
4079
3970
412
6799
1127
1666
9441
4010
1572
1898
9362
9140
8701
169
2706
2028
2413
8163
4550
3354
9743
5325
2357
9190
3801
4920
3355
3285
5320
3540
7815
6931
9349
833
6414
8029
6233
6850
9346
784
798
5293
8957
4778
4702
2565
3578
4458
9695
2827
3504
8629
6060
2379
2886
6927
6787
6648
7640
9495
5238
6569
3502
3365
575
13
8206
2825
6997
7606
9358
8693
5938
7901
754
7465
6550
6143
5538
5219
7627
4927
5048
3698
4008
6888
4978
7467
4754
7612
797
1382
8202
1623
3982
9769
4730
2143
6010
4119
2445
4080
789
5792
7137
4440
629
8442
9260
412
7294
6694
7722
4324
3631
1704
5793
1038
271
3549
7303
2028
5751
5322
5440
4446
9069
8964
9871
7461
33
2994
6706
8187
2546
9211
8447
6937
680
6235
1502
2819
6236
815
7632
6426
1019
9382
1177
6928
1342
8970
1892
2013
6114
9489
1936
2000
6913
7341
7247
967
8009
9352
7302
9620
8835
1684
5856
2800
7960
4282
6180
4384
4197
6893
8326
3021
9267
4010
8241
2059
6312
8167
3676
4266
3987
3578
3326
1720
6755
5340
984
5750
1016
1338
7248
8122
1790
8388
2138
4021
2384
9830
8104
3706
2209
3468
1725
2389
5774
6081
2904
9932
7330
2681
6855
9304
5409
1609
7457
2170
732
5753
4169
342
4776
4699
6077
2981
7688
8072
6872
8288
3563
4280
8095
6816
1302
1056
8829
9506
4919
1262
5617
507
2824
4020
1109
5893
9539
6784
7646
9219
1961
7857
8851
9134
9971
567
9073
6228
5895
280
9705
9304
7318
5765
1387
6487
2122
1521
6471
6962
8774
565
6074
7356
8266
9562
1164
732
7020
5467
3418
8768
9740
6870
5819
6713
2780
7736
1550
7736
2710
9216
8120
6067
8657
8619
8071
2650
6810
9230
8190
8217
2206
922
5043
6811
753
2706
3498
5532
3666
3450
7628
2809
7507
7500
2353
2489
7425
5737
2812
888
3213
3889
6904
3435
8985
5991
9711
750
4169
9581
9237
3957
4166
5826
1500
7674
7439
4021
7919
7744
9807
1522
6867
6681
911
4106
2858
4574
5192
4976
4437
6400
4614
4417
8557
4511
27
7128
1754
637
1398
6399
5665
5833
6201
5043
3459
8802
3550
7637
7357
4377
3695
8745
6955
6846
8353
1608
8507
7118
4272
1015
4677
8806
8581
4652
8874
3119
2594
9229
869
8021
4197
3014
9528
2468
9327
4003
6302
7463
6667
2029
8560
5884
1190
1413
3333
4258
4900
3098
158
9533
7105
6545
8799
5137
4269
3405
1559
9693
51
9521
9262
8209
1023
7598
2165
4199
9411
2473
9981
2114
904
5241
8173
2222
3234
1193
8793
3555
729
8695
3242
6828
7205
2290
4941
7848
1284
6302
5496
8771
6436
4601
830
7725
1659
795
9327
6171
3233
860
6852
172
3014
9142
3703
508
8045
2316
5648
642
7958
9381
6897
6646
2881
2069
676
9405
4269
1623
5487
8496
5801
3241
1953
5492
4483
5913
2138
1673
1209
2598
8913
7333
1217
9590
6872
8021
4962
723
1346
5396
8959
9859
3403
8132
9024
5166
5443
5111
6884
2649
18
1747
1609
4749
7518
7465
6210
7305
2187
8022
9196
3951
9439
365
4187
4811
7969
9561
3444
9999
667
8581
619
7972
6415
2999
9834
7981
4050
1746
8880
3772
5395
7932
1096
6175
6557
7334
7651
2039
260
4653
8692
5105
6515
8493
8134
4979
1669
3434
6971
6580
6716
4784
864
482
3146
2951
6289
935
4531
157
2134
1493
8366
4875
7427
5239
3566
6972
8866
5899
2042
2895
8269
9913
2809
9568
5070
8510
9505
9467
4819
253
3615
4146
9241
5825
5926
2333
9151
135
1335
9795
9257
8274
2450
2776
1799
9740
2395
6334
2479
2027
3915
1028
2022
984
814
8958
1275
6975
4285
1571
9179
8280
63
3917
6860
275
4578
4342
8775
4228
4438
6526
7040
6394
9820
2951
1621
2594
1298
2712
1658
8139
2686
6908
1932
3601
8508
9109
3027
4005
9133
1123
5702
5059
3653
9990
5011
9513
7424
6462
4009
5499
2831
5951
15
2287
810
5704
9397
2033
2228
6581
1107
2234
8054
3359
8743
3160
4941
9463
5610
4870
5816
5244
4882
1771
306
4843
6259
8501
1179
6580
9065
3667
9395
5100
5153
6563
7129
2902
4227
2663
8098
6806
1984
4420
9413
9067
1702
1974
6222
7052
1722
735
6707
5630
8926
2668
196
9456
5258
1862
9333
6808
2501
6773
1658
5306
6104
43
4499
8974
4302
9890
4709
3048
2380
8166
7237
8836
884
900
7041
6343
415
4066
5628
9163
8803
3405
6813
558
2017
1186
569
7421
8827
3585
7037
3067
5876
897
9609
573
236
839
3887
3974
6719
5114
835
8197
4945
9084
3987
8795
3726
4488
4631
4899
3279
5286
8212
8980
3837
2055
971
8152
6032
583
2716
9393
2273
6858
4831
9786
3599
1042
7599
7510
338
3711
1671
5931
165
6396
5395
8103
6125
8103
9677
683
7743
550
5349
8717
6622
6255
3775
1633
4451
9712
8948
5124
9073
7823
9478
1423
6929
4973
9406
3951
4049
2355
5739
5945
3925
3852
8209
3189
2363
7790
2158
6038
7626
6403
4797
2252
4850
8417
6317
7148
6105
7649
3232
2094
6019
2381
7244
3064
8343
1232
5476
3983
9209
9345
1668
5199
7356
3678
2542
3133
6808
1910
7574
9846
5551
5527
8268
3835
313
3617
2187
5047
8238
41
6362
2036
5239
3171
8180
5755
2010
7155
9008
9389
2782
824
6227
5123
200
2129
7406
2983
6560
4674
4816
3755
9181
4006
82
6700
7080
8763
935
4271
3679
8995
1191
8209
9658
6347
2338
9195
1855
7116
8499
9276
8459
4227
3764
8570
4489
3468
2964
1626
6888
3244
3446
702
829
2657
9063
4689
9948
7070
6533
1911
3018
554
3397
7744
202
2463
1719
191
2962
1177
9189
1633
5384
1836
4561
4113
2557
2308
2422
129
6883
860
4696
2148
8226
6141
1949
3218
9967
5243
939
9949
3831
7057
7471
6396
7606
7950
4529
1372
1277
5433
9243
453
4300
4995
5990
4518
4194
3472
1876
8303
6251
326
283
4284
3325
4046
2699
1869
2240
5985
6081
1451
8597
4958
8916
8321
7404
522
8885
4320
3675
2805
1688
2914
3977
2899
2830
1315
1896
3193
6942
2800
5019
6467
2102
6297
4090
3400
232
7592
5093
5498
9577
3095
1080
2690
5664
1769
7694
678
8387
7680
71
1014
4626
3328
3692
2086
2199
6222
8888
2543
5063
2347
5205
1974
7797
4854
1551
4140
8980
5580
7136
4392
5954
9151
6174
9864
9667
3191
6053
795
8335
7420
2718
6371
778
701
2200
8226
1585
5835
5789
2144
9976
1362
3189
6110
2025
7045
8318
6488
993
5969
1228
4500
8482
4230
3926
4605
1465
4964
177
8418
7489
8876
7930
6894
9245
283
992
2000
5755
2929
5205
2975
744
5042
9302
5821
6655
1004
5978
5839
3226
7690
1541
4675
4697
7284
2957
1511
5074
6723
2084
4046
9754
6792
5856
2279
9675
3623
8544
6900
6019
2013
5945
4970
8021
7243
8424
4009
2501
6478
7173
1322
5905
9517
3157
3940
5714
4298
7335
6670
5974
5524
7714
8806
745
5057
8407
4735
7257
5
5093
6776
9662
9729
2282
2863
1192
9814
3221
7468
2319
535
8975
7265
9696
5488
4033
81
3184
480
8721
701
8980
9107
5122
3312
631
2764
8129
8567
7163
5181
468
330
4806
2394
9159
1942
6621
9535
7615
8438
4048
2563
2060
696
6619
1190
3254
7785
9863
6570
1919
3959
7913
2481
4232
55
4341
5710
7890
3837
6179
5189
2001
1090
4006
234
7508
7476
7607
328
2660
7760
4760
7982
9807
1172
5430
9279
5093
7317
2746
5964
4459
7740
6428
8823
2392
8780
8639
9275
8792
4057
9470
8993
7488
2518
9116
9503
3391
7237
9766
468
1663
7340
594
4835
391
9543
79
1537
1938
8942
717
7986
2234
379
1379
4713
6318
9250
1438
5863
2696
7330
1760
221
8079
1180
9989
3954
8213
6445
2954
4007
1603
9837
7313
766
5100
4505
1125
1754
8565
9745
2454
8359
7357
9466
2479
2453
6771
9672
4522
8178
1261
4478
4494
4076
7110
5535
8494
4432
9981
8162
4896
9141
765
9836
3142
9138
8896
3373
5083
6377
2202
2144
370
9807
3500
1240
1872
2317
2726
7352
2461
8680
996
7155
9822
5076
1948
467
6969
4166
1096
823
9590
1199
2061
5180
5077
7027
9480
3861
3819
3029
4820
2510
6589
2683
2623
7783
9722
7355
314
2990
6211
7021
5768
3940
9583
3031
7598
4531
2066
4924
1112
5523
5035
2260
9475
6581
932
5992
7229
5904
3734
3040
3650
135
7845
1299
8045
5398
6892
3379
258
8475
9836
7821
1698
7715
8680
9518
5977
2613
578
1144
1961
2182
9265
406
2388
7461
6925
9174
1901
3122
5080
4340
7865
2101
7963
392
3796
1330
3457
6749
3147
1437
3600
3336
4790
1755
5490
4171
1030
5310
1229
9840
5281
194
1525
1477
7192
7226
9057
1129
5618
8607
2722
7501
2816
1963
6089
7418
3522
1486
7228
1794
4704
2058
3872
8164
6802
3093
7347
9399
7762
5407
5083
6822
2758
2078
7873
505
2117
5525
5502
6145
9936
7458
1014
911
4954
4653
4021
2921
3319
1172
5806
3921
256
5882
9174
225
7130
3261
5069
3930
5749
8267
5938
8779
3969
3684
3059
3119
7747
405
8883
1993
574
364
1960
4221
1116
804
7321
8507
9345
8931
6015
3251
8448
6558
6553
9214
8240
2509
3247
9038
6226
1217
4157
1441
5934
9963
6622
8101
9860
5630
3216
9255
556
9694
1698
4027
8462
1492
8881
1871
6666
7482
3009
1667
4964
20
5102
3036
695
5217
443
6433
5641
5174
999
3812
6804
4927
1112
3972
2004
7553
5944
9259
8467
576
5254
5898
1230
8064
3074
2446
6935
6941
6281
1439
1423
8948
8491
9521
8215
9886
1805
9122
8653
5076
3129
800
5036
8482
1858
4392
4824
5082
7161
9818
4788
9696
8408
5541
3718
9204
9608
4496
3576
6435
4842
334
1943
9605
9919
8504
5381
7744
84
9820
4330
3619
5579
386
8672
8891
1266
4277
3380
4269
4428
1340
787
1215
7740
6635
25
7767
6655
7607
6581
3283
1378
1516
3072
3929
5928
2159
6328
1373
5380
7746
4328
2214
7478
3866
8522
1666
3954
3463
8443
905
1069
9204
4221
5218
5224
4317
2865
234
1137
8080
4182
9523
3981
5649
7949
1264
6679
6871
8826
6567
3867
9750
7318
3306
6680
535
899
4701
5173
906
4175
9455
7227
4782
320
2438
6842
4228
7184
529
4283
8155
8765
8736
9807
9092
7104
5796
4767
4052
2886
3666
2555
973
8021
5406
1441
8829
6238
2823
636
4016
9700
7029
188
7530
2101
6943
9756
446
3188
8990
4590
899
3899
3746
9461
3257
6013
3554
9158
1220
834
2970
5868
2463
8540
7654
9871
5394
2003
818
6177
6064
9523
5513
4543
3013
1859
5148
2090
3468
1901
6542
1604
1865
219
629
9252
188
1064
8695
9710
9529
1046
2023
1347
6212
7397
4756
893
331
2009
9772
7161
2950
5520
9859
2047
2857
8262
9779
1173
9487
3912
3808
1713
9408
8621
4607
9773
2929
9610
6769
663
3419
1185
4812
4986
8529
9252
5982
1659
4154
6898
3832
4705
4560
1065
4730
6109
4064
4419
7886
4119
7562
4484
7522
3150
2246
9177
4314
7098
4651
2979
6071
5467
4582
7958
4210
886
2426
4678
4606
5044
9190
75
7863
708
5529
4296
8375
1261
2915
2642
3785
4867
1133
4074
9619
8478
4950
3084
3635
8954
6599
3518
118
9780
7986
6162
496
1444
2836
9889
2195
3228
8262
1542
256
761
4582
5361
3366
8403
7854
5838
4351
4252
7167
8133
3145
8992
7800
6847
3662
789
2224
7566
7666
1680
7924
3614
158
7265
2205
790
863
8835
3672
1429
5634
8817
615
5799
9667
8694
4910
9638
8022
2501
8188
852
9910
8543
7482
7362
4410
3477
1881
8419
5204
3633
3076
208
6449
7003
8268
8270
7421
5615
3257
2436
2807
5227
984
2085
8649
8839
1298
3139
8141
9970
8468
8570
9864
8970
9618
8489
4321
1765
2490
6061
851
4357
884
552
8218
5802
1098
9452
7846
9210
3156
635
2156
3580
6785
1414
2204
6450
9871
3632
9981
9476
2440
5859
7300
2031
7615
5568
1969
7756
8170
7870
8327
1922
1621
2913
5421
7162
2326
6659
5822
4478
195
1324
8787
8796
2197
3988
5629
4963
2214
3799
2373
7821
8484
5991
7234
9461
2940
7832
9923
779
8903
8224
9751
3836
2129
5273
2172
4737
6249
7000
3686
6102
2911
9774
25
8242
7630
8965
7905
5014
5103
6871
5872
3814
9365
1719
2836
913
1718
2062
8048
2645
5599
3529
4401
7356
1279
7001
3456
9011
8815
7274
8173
9219
9532
8925
8862
2957
1805
7521
7778
731
4982
9203
7834
2003
3359
6221
9735
6641
2258
8972
3004
8080
1729
8443
402
5613
619
9506
3780
6769
5348
8157
2489
1989
756
3145
6489
1351
2680
9817
9764
1776
9860
5560
6807
9329
4155
9953
2560
1639
5109
1175
9311
7569
7214
16
9820
3640
843
6760
8430
1345
8343
5448
3909
4916
3544
8394
5270
1273
1090
5704
9873
6082
5205
4389
7218
1400
1404
9685
164
1786
5972
4111
2638
4118
6313
5811
5229
5993
4164
6820
2638
617
9773
1015
3397
3634
3611
9527
4929
5208
5293
9652
4112
2841
3283
6416
8599
1950
8103
1481
4881
3784
5007
807
1612
127
4226
8106
3845
6486
5378
1275
5998
6614
6120
558
148
9845
8264
178
5904
4487
9047
2609
1153
2607
8448
149
776
1715
1062
7694
5948
8351
2397
4
8958
493
699
5623
6104
4062
5364
7975
8077
6483
4110
570
7741
4566
119
4490
4628
5055
3464
5408
9924
1522
7088
5029
4676
6173
9898
8515
9169
1503
9148
9440
1195
2585
5594
2111
3404
9580
1558
6068
4638
2546
3747
71
4095
1432
9278
1855
347
8981
1577
3644
6222
3399
3924
587
456
2259
1970
2101
9530
1872
8827
1857
9884
6703
6511
9438
9482
9255
5329
3208
2497
1152
6474
5046
2278
4871
6011
9799
2319
7566
4226
6252
5426
3143
8427
7240
5905
9567
4758
1512
5504
226
1504
8049
2972
57
4698
6775
7084
3794
5171
2380
8161
480
2943
1591
4868
9976
7382
3204
3546
1601
8753
1717
9745
6131
9686
4109
6757
1410
3809
77
9782
2435
6729
2134
3656
9585
7295
2576
6810
2321
8625
4971
1334
3894
3979
2553
3729
1941
4486
2045
2828
8298
5462
331
4949
8778
7652
3991
6211
1102
1091
2824
9276
1936
4653
9604
1929
7877
3852
1274
3695
3836
7606
9781
1229
9091
6140
9934
689
6428
9523
4195
4906
265
6690
7191
6083
6594
2578
4464
800
869
2526
3487
2023
100
333
1759
6336
7628
9523
5675
583
1671
8577
2680
4606
1382
1399
0
4723
6674
8497
5445
2436
3543
845
1036
1782
1846
3975
2991
6939
5520
7880
5694
365
8063
9891
7090
6169
9105
4989
8515
8086
5867
2314
988
6004
1587
8099
586
4555
1021
4042
3653
932
1512
1182
3197
7507
270
3267
6365
4347
4276
8796
4444
3377
1294
5909
9124
425
3418
6382
8336
8073
758
8007
6080
220
8032
3747
6496
594
5133
9379
8675
1957
3229
5582
3987
3842
4490
9496
7996
8325
3935
7939
762
8365
200
6355
6862
5958
1921
9737
4318
1988
7881
2350
6412
3484
3495
5933
6168
8606
2844
5347
9504
899
7634
4793
1663
9644
1253
4256
7806
7337
2589
5871
1709
5898
1536
8860
6341
1848
1816
6632
3447
4718
1308
3610
1080
2987
7356
5967
4870
2625
4322
1080
3610
6608
3122
1374
4851
2590
4579
7440
3034
7529
2778
3828
2232
7838
6728
1765
1484
1820
7888
7393
1294
2061
3460
1734
9081
4741
9070
6357
3783
8361
6831
4200
2412
4542
3181
1163
7734
3407
6936
7598
1713
9274
4019
7219
5791
2892
2374
3565
3215
8364
3491
3935
8479
90
5394
8579
2871
239
2066
7708
7951
8098
2207
2345
6318
6441
3932
7124
1870
4942
681
825
7086
6577
3923
258
377
3043
3332
4792
8139
8491
4736
6611
8138
3769
1206
5155
6205
3138
8448
1792
8029
3072
8541
2764
9445
7161
3103
2930
6513
9093
7276
2252
4054
2789
5207
3144
84
4236
4522
8592
6245
634
699
3139
9550
1678
7357
7223
101
5961
644
9766
1059
5107
2163
520
5328
673
4002
6416
3518
7870
812
9720
9090
9394
3083
7307
853
9762
4051
4648
6325
9416
306
4077
8398
8151
7827
9535
6909
800
6983
5592
8536
1598
9996
7783
152
899
457
2333
7374
8700
2508
8753
6133
4717
5677
2522
4975
5266
6175
7324
9661
3797
4042
3725
1225
9414
5656
7483
2368
8023
1580
2993
1820
3443
7978
4170
3042
5500
9655
8815
8277
8790
4374
8267
1503
6418
1491
7478
5978
9429
5637
4216
3176
4891
4775
3540
8558
5278
2708
7382
3907
4367
8933
3296
7184
9597
3789
2270
6768
9503
7342
5258
4041
2595
1724
655
3617
7946
3158
1213
5775
2446
687
2609
6650
5767
4644
6358
5964
1618
5776
3697
8306
1828
1579
2581
8605
8958
8590
3527
1483
6040
360
8101
9647
8784
4141
6073
2959
7966
4182
7599
7375
9013
5862
3557
353
1120
6403
1411
2766
7948
2424
3708
2695
6115
9334
287
4453
4605
6979
2823
3824
1284
1139
6944
1722
8990
6411
659
2236
5607
6065
4058
9537
6715
3822
7205
4945
9670
2226
4632
8692
5691
153
4333
8243
1550
9121
2844
8548
8514
5821
7261
4859
9215
9971
5548
7319
8851
5477
6203
3155
3779
9825
316
1700
3416
7461
1163
461
7000
4484
3533
4022
5385
5090
543
5384
6744
5916
6432
8517
7837
4531
4191
3513
3947
5043
2992
6250
7396
5415
5561
6125
1717
6071
1164
236
123
2422
4115
6707
5252
7302
9584
7566
9694
2323
6882
1930
3678
6252
5599
5445
8863
6925
8183
1241
7013
5462
2326
9463
6395
8622
4382
5177
1593
6737
3556
1255
4489
3500
8953
7470
3222
3265
1156
1131
8463
9614
9874
6712
4855
1905
948
8404
6745
2779
7209
6889
4073
3228
6053
2953
3487
4243
70
3294
4899
2647
6055
655
711
7569
8462
6593
9946
8967
5455
9825
3482
5903
3879
2056
5194
3160
7091
2583
4603
7807
7133
7127
6906
6075
1255
8346
9709
441
9998
893
8864
1088
3886
6662
6712
9277
4082
4572
2921
7444
5023
1373
1201
4386
1567
1494
2758
978
2715
3845
2031
6007
4119
5208
2873
8943
6504
9183
140
1389
8575
3544
8418
5982
5043
9276
4196
9646
6167
1189
2355
8080
9629
799
3865
7095
3803
4996
9381
2300
2439
6914
8214
8401
7758
1413
4057
2297
5837
2038
9884
4109
5650
7739
1575
8239
4677
1708
1587
8130
5871
9762
2608
7746
7220
6780
2780
9594
3400
3637
1330
9740
4063
9904
9171
6252
871
1397
7200
5349
8821
8198
6089
3181
6229
8449
6844
6130
1957
7040
8870
5495
6066
2952
1261
647
865
4960
4132
661
6637
2106
2664
3398
8396
8773
1068
4404
265
8087
2642
4489
7162
3832
5712
4883
6548
6877
4082
7886
7690
6874
7433
1989
8324
6539
7271
2649
5741
9407
4482
6688
5527
5925
9937
153
4613
4997
7888
6253
1693
2203
3222
3104
4250
5406
2011
1527
8983
8398
7704
6276
2690
8960
9041
7273
1494
5465
3540
5916
6517
3285
4663
5141
4533
8827
3158
5796
8682
4383
9093
8608
292
4847
344
1718
6650
4586
8550
9914
5978
9302
8987
6695
6112
7060
4752
6921
7694
2099
4425
2973
291
7211
406
2393
9395
3840
15
8260
9572
1240
8228
2031
94
8005
6159
3824
6725
5064
3989
5942
6413
3581
6306
9834
3816
3510
9993
6344
520
2698
2108
6652
2527
3104
7496
4379
5658
5439
7523
1960
9094
3672
3387
9997
1515
9540
4658
4423
5444
7861
8889
2910
4485
154
993
1142
1770
8442
6297
32
4366
2444
4364
6192
5392
8500
2945
8943
8350
3546
8306
8300
8999
3354
481
604
5288
6277
3592
3943
6716
3345
3378
7911
2553
8427
4058
5601
5150
2444
4352
4447
7546
9384
6792
2296
4342
8214
7780
2131
3235
3240
5015
2703
1513
6853
4056
9625
6471
8156
7536
1270
2485
4381
977
3325
2347
7067
1895
4165
6203
5983
7742
4772
519
7813
6483
4390
7237
1299
7001
5383
9480
5976
3678
5916
7297
2228
5697
3439
3926
4141
1106
1825
8203
7685
9876
2343
4271
7995
4436
1458
7222
8247
1732
7250
2629
9061
1765
1141
1338
5895
3965
4156
6228
4526
911
7833
5459
4797
6094
1570
6106
1713
1300
6576
343
9162
2938
6717
5420
1348
1936
1759
8887
7440
3807
9966
8529
5856
758
4911
5011
5006
7432
401
1420
294
1788
9232
1230
6214
424
3038
5294
4495
2748
6123
6094
3483
2373
6321
73
2810
9111
9157
0
4434
6947
1776
7377
6623
3723
7791
5490
2723
3594
1681
4912
7001
7347
4735
261
7635
7004
7953
6002
5839
8197
3866
3847
3334
4550
5943
7160
6651
47
7846
4233
9109
2300
7587
2404
2120
3568
7448
9292
734
2449
7093
9002
8755
9962
9707
3097
1210
6288
6471
4130
368
5429
8517
3513
4202
6052
2957
6340
1551
1330
2201
4607
7971
5604
2467
5628
5065
3414
5058
3774
761
755
2595
4527
7988
6469
1039
4639
7515
3549
6051
2806
5392
4653
7907
7558
8922
6985
7863
6500
9911
9093
5404
3585
317
9917
1565
3917
8095
7046
6841
2595
6632
224
8368
3602
1922
6332
9757
6011
8787
7502
7442
8951
8914
1501
4201
9377
9201
9974
4274
2330
4309
2738
3499
7711
5794
6725
3746
8107
5412
7208
9517
4406
6087
5375
9331
9770
3485
5704
1790
7241
551
6016
3539
4587
5808
3463
6636
6779
5066
4593
3409
9335
2063
9207
2434
1192
3787
7246
8555
6669
7877
3180
2879
1232
2925
844
8966
4395
9057
2853
449
5966
5740
1138
3283
2575
160
3497
963
5282
7530
5098
3864
2879
6383
5861
9831
8160
3308
2534
5362
6051
8061
7072
3955
5840
6298
2816
6013
9627
8290
6923
3971
6943
2845
2650
2322
4698
2201
3816
2255
8235
4972
4389
8113
7759
7018
3800
3622
3287
9758
3261
1965
6234
4530
3797
6409
3327
7520
7537
917
9599
9472
7514
1931
5331
9920
251
8516
4717
8438
7520
1121
4225
6514
1394
7377
836
3519
1151
9367
7091
5596
2214
7299
1515
9645
2875
2542
2019
9628
4464
8021
1634
7573
3
8220
5434
7002
9287
1331
4801
7200
1703
6164
372
9696
7905
5062
5206
1364
1293
9280
3509
3522
5272
3024
7373
121
6902
7145
5497
3470
2610
6221
7681
4024
1904
2181
3247
5796
2893
7701
9327
5234
8765
9200
4679
2599
1714
8239
8412
4431
7472
9596
9792
4812
2768
4771
9730
7184
6652
24
7651
9185
1312
6234
7101
2421
6814
8213
8127
5337
8584
9235
4509
2058
3377
3021
7731
354
7126
3174
5794
2804
3542
6137
344
1522
6264
5048
6175
9104
8010
5124
2118
6540
6671
5524
6826
4911
2566
9188
1856
7380
2116
561
1698
3984
8671
8779
2123
6487
3916
9489
4419
9407
2639
3588
7701
6240
3780
3527
5738
6187
9069
4772
6304
8213
8102
4938
7696
9370
9810
5360
8607
6936
675
7373
7023
4401
7710
3725
903
9239
3365
3854
8083
8725
4286
9132
7058
9425
6940
9185
6956
5621
3504
4674
5571
8939
8492
8702
3547
9195
9382
7926
1232
9411
6775
5267
5220
284
8562
5297
1184
8507
7733
555
8102
8851
3322
5567
3400
4236
3284
8779
6082
5715
6427
4940
1002
7131
4037
779
1780
176
725
6455
5683
5745
9411
5054
7013
6004
3557
8039
3347
7191
5813
9964
2809
1858
650
6711
8127
4685
2356
9252
6723
162
5938
6400
4881
138
508
2350
9620
7295
4468
622
8414
3228
5234
477
5539
5213
8757
2395
297
4808
2077
8384
4576
6855
7012
4147
9802
7570
3189
6977
2791
1381
9960
7414
9779
6421
2190
3032
1386
8425
6722
8633
2550
3398
1620
1114
1595
1115
9211
716
4602
1267
8406
697
4873
7571
4184
6319
4263
8886
4567
2840
5391
6085
5919
354
9233
9277
7871
6315
5184
2570
2649
5750
5684
1953
208
4296
8374
1758
8905
7848
5674
7861
2417
9296
9632
4837
3445
897
32
7316
6380
6766
433
1954
9543
3327
162
6352
4171
3797
5140
9330
764
8216
4509
3160
8392
5769
632
7858
8585
6985
5018
4849
6322
8932
3655
387
6282
8358
4888
2613
7175
1814
3019
1340
2833
4716
3358
6379
4464
3882
3434
1520
2051
8923
6774
8013
4221
9024
7278
1363
5395
7864
6092
4065
8747
4667
2297
5328
5761
8774
74
8792
4166
7527
497
1068
8630
1712
3052
7128
1470
6370
9071
1892
1046
6746
8070
8988
7083
1141
9394
9889
4020
4458
1687
1848
1481
1263
7986
861
5034
4151
8747
666
5449
6090
7630
8149
4441
7979
6008
2696
9311
2775
9036
7688
7894
7670
2081
4900
7449
6834
7249
624
1699
5576
5517
9895
6425
8258
4710
2395
2758
5166
2478
752
1449
3582
6276
5599
7889
8007
318
7078
9496
6672
8038
9576
7069
7359
3959
4284
9992
4318
5442
2835
2075
190
871
1535
4025
6565
2162
2941
7648
6727
4619
6347
3956
1899
3702
6450
6389
1795
4965
3391
9871
8439
3559
4959
8173
5185
10000
7908
2428
1387
9666
322
5309
7557
6652
8866
550
9103
385
3029
6901
8024
6065
6181
9321
3168
6468
8487
9821
3515
328
2442
2505
4303
5902
2640
5622
7095
2305
2105
5412
4731
6117
4284
9495
189
2034
5057
6323
8648
2166
3968
2445
1991
8685
3376
4270
9598
2537
8286
3159
3410
6902
2361
9042
4971
7751
4038
1342
5698
2657
9637
7814
8081
1281
9759
2405
6597
1239
5553
280
7285
7261
7850
9408
2551
4603
5756
8593
9824
818
6952
2292
6026
2709
2371
4891
2699
1832
9807
3558
206
2572
4984
4280
7423
3838
6261
9990
5849
483
9301
5026
373
5578
2547
8602
6791
5584
4772
7877
7228
4438
4194
6030
3909
9083
2928
2728
7200
7035
3848
9979
4347
1438
1063
9687
1894
7224
4347
9287
2711
1416
1364
3916
4841
9311
7058
5009
4076
8600
4228
515
190
6643
8230
7399
4819
5142
7210
5817
9332
6588
6638
1477
3807
4025
5351
5027
6866
5693
6267
6190
1323
5526
5612
8950
5443
9454
4828
1797
6225
8040
2562
952
1003
1271
797
2161
6489
6092
4056
69
8116
7424
5255
1529
5546
6138
993
2032
7034
207
1988
1164
9862
8106
8835
4370
1655
794
8707
4047
1002
548
8225
6008
1701
7726
8574
4392
1430
7414
2610
4983
7678
9783
5506
809
9000
9554
8756
2644
6610
2918
6871
8264
6964
3888
7801
7940
6195
9327
8171
3287
1283
2337
5106
672
5084
2868
7382
4149
9707
6568
5332
2027
3514
6854
3371
1046
9545
9880
1348
4668
4583
5473
5162
6844
2742
1516
7202
6314
4338
6451
2364
5148
760
7227
9503
283
6414
6557
8412
8737
9037
8104
6877
3717
4198
471
5060
9056
6416
5498
3063
4946
4574
2322
5185
6668
2357
1463
723
9967
7077
1446
4236
8145
7229
8423
9011
4362
5421
4293
4325
3733
1652
2443
2932
2739
5539
2573
3574
716
8836
6072
137
4382
7641
9548
2894
3021
6972
8304
824
9031
4501
7134
9862
6520
7728
8003
6332
5361
1203
1856
2561
1163
8905
6978
6596
6816
6868
4652
7292
315
4525
9934
2934
4975
9897
1244
3565
6499
8453
8493
2793
658
4258
9193
7745
9216
5546
9712
1714
5752
7118
8425
4719
9309
566
8957
1145
6925
9875
4590
638
7332
1275
3197
3811
6763
757
3678
15
1926
7632
4952
5843
5147
9683
2045
6746
7474
4778
2179
1591
9140
9027
7040
9085
9457
977
7833
8517
4161
1051
2442
548
2710
8181
8348
5869
9955
8950
7094
1344
1722
6871
4342
9512
7437
4734
1596
5117
6343
1312
2429
7582
1467
2901
261
7216
8456
2003
2746
4894
5235
2479
8739
9116
1621
5373
9275
7600
5963
9389
7359
5094
8204
398
9803
3555
7335
3740
395
8517
4591
6182
7593
4872
6563
10000
3943
2103
6613
4402
2810
9288
1739
6056
1363
5888
5919
1101
4124
8060
8937
4662
8069
5503
950
319
237
7144
8086
4273
2888
553
2382
3192
8518
6542
5705
4230
2162
6727
6943
5578
4285
764
7166
3737
413
8655
9413
6983
9732
5055
7529
6615
9163
604
9917
1886
8385
2325
3890
840
3605
5161
7666
458
5025
6848
1768
2264
8668
9654
7769
9697
3091
3570
5704
1603
1095
896
5235
5183
7417
353
3000
777
8519
9626
3294
674
3766
2718
5024
409
8832
1098
663
4918
4982
3978
7402
1509
266
3973
2767
9299
6675
1939
6833
9987
8436
3853
2325
752
8865
2966
7893
1660
2282
483
2987
2105
9523
6222
955
6570
4018
5619
8898
4463
8728
8523
1631
1781
7079
6357
3043
1107
7131
6316
3201
5603
4778
4812
598
7157
6490
4393
2679
8542
6674
6603
332
4164
2565
790
8021
592
5117
383
731
5603
255
9648
1889
1632
1673
2998
6361
4587
637
5417
5016
513
6222
2874
6953
3458
9332
4240
4247
6215
8944
8943
116
9511
5858
9607
5826
5717
3453
9758
4086
4617
3257
8732
4381
5955
9573
5873
4234
8390
609
1162
7540
5677
5623
9619
3852
4237
5415
9031
8366
2069
4915
2084
9763
2706
3334
1612
2985
9630
9605
1509
8854
4138
4285
7349
257
798
4957
4546
8924
8437
6803
4953
4237
1499
5838
7727
5838
9061
8197
822
6775
4276
3566
8778
9466
2102
9232
4593
8942
7594
3995
8299
4148
8707
3986
1125
4228
703
5979
2961
8246
1340
2970
7247
7714
6961
847
8730
5881
207
2416
5097
9457
6191
9104
106
9148
7117
7125
1770
1871
4544
2559
6605
5954
2081
741
5254
5796
7920
8863
739
7393
1083
632
4195
9820
7702
7269
7474
9905
4151
2072
2368
5979
1277
6512
1281
5922
3686
2722
1720
813
2277
8303
6796
9473
8745
8186
6391
3322
9456
8716
9616
5353
8368
5263
4040
1774
6885
5373
9024
7991
7232
3485
5421
9975
4993
8897
9301
7437
5879
4850
8405
3079
4893
4703
7354
882
1546
8549
9880
7250
9864
5219
1592
4146
4893
6388
2077
3562
1970
7702
9809
9733
792
5689
7692
6491
8780
416
6876
5911
6612
287
7757
8181
2331
3536
5571
8966
8673
2655
6932
6179
7169
6520
454
4788
9138
7259
8964
1102
5139
981
8433
574
274
191
9458
8604
3754
4527
4904
7243
3327
7699
4711
8197
5010
5321
9190
9819
6674
4348
4056
894
5550
7371
5314
9971
9590
9586
1115
8352
1467
5870
4300
2581
4447
1247
2162
9007
5883
444
6985
1989
3322
7658
3707
2548
4768
543
8130
1789
5871
5273
2557
4027
5455
1265
6989
5410
4813
8215
1210
1825
9692
7071
5012
9260
3363
6890
933
5115
6098
3900
9139
3378
3200
4743
1671
8846
7678
6585
251
5484
1353
2573
3647
2664
306
9536
1345
5902
5375
1129
9716
8245
3685
9204
9601
5952
6308
347
2230
955
7975
5790
2223
397
5270
5802
7982
5888
8689
7409
8679
945
9718
4334
4238
7798
6440
3409
898
1754
6640
3126
7986
9806
8096
2393
9881
3524
4201
1526
9561
5322
4169
8560
1853
9820
3725
1544
3951
6593
7206
6563
7903
9232
8456
5606
118
2888
9585
849
6375
4540
9432
6940
6429
5231
747
7123
8244
2488
6314
7234
4251
743
6022
1723
2291
6916
3286
9925
7449
347
6965
8691
8553
1036
8698
5273
25
6516
5630
8156
2578
6185
4218
6113
2963
6925
8626
9798
3291
8208
6277
9980
2239
4145
4674
9880
2899
4902
5562
9408
6005
2799
3618
4127
3865
6076
6949
1357
531
2668
9965
14
2432
5768
3319
9414
1069
8585
3446
5088
1340
9993
8694
8596
5823
7773
9952
4659
705
7958
1490
4980
6257
6500
8303
5240
9363
3766
1445
4659
8035
8712
9655
6857
7112
1859
2795
6442
70
3568
4910
4374
600
4937
7935
3885
3580
9213
6081
4183
3991
9133
2048
1034
5396
1489
8750
4038
5952
5768
3056
3719
8035
18
2344
6677
1256
5225
7235
2758
7892
7105
8115
4848
8745
1004
2870
5349
370
7489
2778
1871
1386
3974
3929
8293
3314
5037
5352
3731
5696
9961
729
492
1574
5030
7342
4511
6130
8746
5361
388
3373
2221
4658
6280
8090
392
8389
4718
425
5699
9444
4565
782
9975
429
6224
5980
8959
9272
3890
4561
8428
4165
6420
7620
8401
9152
5734
9777
7979
6327
9940
7544
2368
8241
1572
2953
1016
9342
7072
973
8961
5738
5858
6539
97
1215
8760
8206
9440
8877
552
2877
756
3465
9752
2524
6834
3375
7385
4675
8602
8722
7310
4009
3857
3415
7981
7411
9730
4028
248
9723
1316
54
1210
1793
6025
7095
9767
3784
6459
4174
7023
924
2793
9361
3672
807
8779
8282
9061
7977
5769
4010
8264
1147
5595
6092
2523
3212
8775
1520
4228
1486
9230
115
7294
227
5579
3601
5030
2330
5267
7812
2664
8004
9627
6763
476
2502
9079
2654
3284
9367
4233
9729
2131
7949
0
148
2046
1684
1946
7805
6140
6156
4712
3989
8151
7531
7224
1060
7920
1400
9176
8794
506
7396
8949
986
911
1787
6314
1472
7063
1461
1563
4595
9090
5166
2630
9982
6540
3954
8277
6933
2614
8185
1295
9973
5042
9969
2258
6398
8009
4548
57
1891
3872
8446
7293
1794
3061
5239
3080
605
5333
2809
7357
8327
5917
2552
4347
9200
8834
49
3511
5905
4369
742
4223
1649
3456
2030
4816
7976
3765
4575
4358
7679
7066
2484
9632
7639
3218
8626
3285
1134
1063
9407
9459
1163
5970
460
6744
9775
9390
3624
4739
7344
9448
4088
4944
8581
7415
7560
8799
7723
4393
6440
5819
3327
2151
4608
8426
5750
4082
274
7059
5279
5224
3944
7670
5381
5668
2913
4119
4250
3433
7940
7697
9602
8571
9542
6970
6074
8326
5311
770
8370
1489
5637
1381
7090
7313
4986
446
81
396
1072
6507
2951
7439
7324
799
8737
3931
5274
7560
6575
696
5527
4373
9481
1749
4135
6423
6520
1463
8642
1783
672
4960
5947
961
2049
1024
9624
1324
5098
4250
1619
1930
3371
8614
2803
6319
6411
9796
9219
1238
9489
3615
5022
77
8652
7501
9355
8504
9749
8490
6707
9066
2093
793
1171
1369
4674
5599
7291
5467
8454
9577
8861
1542
7915
7619
5618
5058
6120
3521
3598
1249
8850
8356
7749
6615
7590
4890
2934
2134
193
9448
5034
3148
3076
3602
9891
2923
3588
6526
265
2614
9118
7673
101
211
5748
8898
4454
2372
3633
4392
9794
1230
6191
9512
4565
7293
9334
449
787
3654
7778
8778
1634
9466
5809
8178
5488
9980
3686
3748
7523
5688
1531
1099
7913
6103
1338
69
2366
8472
5014
7091
9970
9479
3075
7158
7881
883
2412
4093
5597
63
796
4251
7258
2083
2845
1283
6384
416
2213
1560
6902
4076
6995
6843
2904
7326
5360
4003
8667
169
8296
9240
9300
8824
2738
891
6229
1020
4374
8812
331
7906
1323
1113
7127
2470
8348
8422
7505
9063
8894
8377
5704
7267
5346
3491
8619
964
886
5588
6
5579
4158
1224
9662
2240
2722
5600
3616
7833
6970
3746
6350
1470
2026
7517
8874
5867
2275
8049
7761
1534
7096
4818
5775
8791
7607
7313
8927
9369
9548
580
8870
4409
2623
7992
180
3266
258
9113
9397
1423
7339
122
5659
1008
6085
5387
2119
6624
3156
8751
3697
5518
6412
4890
6827
5047
6708
4957
4823
6371
9912
9488
8855
6381
3815
3168
7601
4929
4986
6759
4273
5204
9625
7321
7252
7635
3473
9992
3281
8536
9561
326
9144
7266
2894
60
6513
924
4515
3842
6527
4017
745
414
3720
620
7402
598
1408
5024
2540
6121
7505
467
4902
9259
2319
8216
5145
2181
6539
975
1803
1216
6616
182
2418
3109
5811
1354
7627
2292
4953
3303
935
655
3111
9108
1643
3744
4116
9410
4642
1772
5494
5507
7891
9331
6844
4094
6004
7784
6773
4516
461
6712
7420
8457
293
2449
9346
8535
8970
5273
9061
8574
9858
5162
91
2220
10
9847
5472
9650
4756
261
7464
9856
8381
4752
5590
5036
1288
4354
209
2946
5612
4403
6180
955
7731
6471
8753
2750
6728
4249
4093
4617
8328
5393
9544
2860
8550
2124
50
8180
2654
6473
6240
887
5929
