1.0958	3.5637	-0.9191	10.1865	0.0000
1.0935	3.6108	-0.8248	10.1800	0.0000
1.0916	3.6515	-0.3291	10.1621	0.5602
1.0909	3.6660	-0.5148	10.1429	0.5602
1.0899	3.6854	-0.1564	10.1185	0.9120
1.0897	3.6899	-0.4278	10.1065	0.9120
1.0891	3.6996	-0.6952	10.1191	0.9120
1.0881	3.7194	-0.6543	10.1283	0.9120
1.0870	3.7405	-0.6582	10.1321	0.9120
1.0859	3.7627	-0.7132	10.1143	0.9120
1.0849	3.7814	-0.6316	10.1093	0.9120
1.0840	3.7966	-0.4395	10.0988	0.9120
1.0836	3.8046	-0.4343	10.0983	0.9120
1.0831	3.8124	-0.5075	10.1028	0.9120
1.0825	3.8228	-0.2722	10.1083	1.0105
1.0822	3.8292	-0.4482	10.1140	1.0105
1.0816	3.8409	-0.2919	10.1066	1.0105
1.0812	3.8474	0.0502	10.0889	1.5017
1.0812	3.8468	0.1851	10.0918	1.5017
1.0814	3.8443	0.6108	10.0901	1.5017
1.0819	3.8368	0.2593	10.0982	1.8475
1.0822	3.8321	0.0270	10.1033	1.8475
1.0822	3.8316	0.1520	10.1073	1.8475
1.0824	3.8281	-0.1086	10.0934	1.8475
1.0823	3.8297	-0.1051	10.0927	1.8475
1.0822	3.8312	0.0007	10.0894	1.8475
1.0822	3.8312	-0.4103	10.0876	1.8475
1.0819	3.8354	-0.5831	10.0907	1.8475
1.0814	3.8429	-0.3496	10.0838	1.8475
1.0812	3.8452	-0.4043	10.0884	1.8475
1.0809	3.8496	-0.3887	10.0817	1.8475
1.0807	3.8513	-0.5912	10.0824	1.8475
1.0804	3.8544	-0.7394	10.0916	1.8475
1.0798	3.8643	-0.5953	10.0817	1.8475
1.0795	3.8668	-0.6722	10.0797	1.8475
1.0792	3.8677	-1.0506	10.0824	1.8475
1.0787	3.8730	-0.7579	10.0807	1.8475
1.0783	3.8751	-0.5171	10.0856	1.8475
1.0780	3.8795	-0.0928	10.0792	2.1084
1.0780	3.8795	-0.2911	10.0784	2.1084
1.0779	3.8791	-0.4386	10.0774	2.1084
1.0778	3.8770	-0.2421	10.0773	2.1084
1.0778	3.8758	-0.2484	10.0796	2.1084
1.0777	3.8760	-0.0868	10.0832	2.1084
1.0777	3.8765	-0.2803	10.0912	2.1084
1.0775	3.8802	-0.2525	10.0944	2.1084
1.0772	3.8840	0.3031	10.0871	2.6874
1.0774	3.8811	0.3336	10.0848	2.6874
1.0776	3.8786	0.0466	10.0912	2.9382
1.0777	3.8780	0.0963	10.0889	2.9382
1.0778	3.8769	0.2122	10.0803	2.9382
1.0778	3.8765	0.7286	10.0781	2.9382
1.0780	3.8783	0.6463	10.0812	3.0148
1.0783	3.8761	0.7569	10.0788	3.0148
1.0785	3.8766	1.2827	10.0780	3.0148
1.0788	3.8800	1.1825	10.0773	3.0148
1.0789	3.8867	1.0369	10.0801	3.0148
1.0793	3.8850	0.8557	10.0828	3.0148
1.0797	3.8805	0.7452	10.0881	3.0148
1.0803	3.8726	0.5642	10.0909	3.1594
1.0807	3.8655	0.8866	10.0857	3.1594
1.0813	3.8582	0.3395	10.0890	3.6987
1.0816	3.8544	-0.2290	10.0848	3.6987
1.0814	3.8561	-0.0291	10.0822	3.6987
1.0814	3.8562	-0.1786	10.0800	3.6987
1.0813	3.8565	-0.1496	10.0803	3.6987
1.0813	3.8567	-0.0866	10.0773	3.6987
1.0813	3.8561	0.3560	10.0777	3.6987
1.0812	3.8600	0.7422	10.0971	3.6987
1.0805	3.8837	0.4727	10.1013	3.6987
1.0800	3.9000	0.8512	10.1562	3.6987
1.0783	3.9476	0.1815	10.0956	3.8489
1.0781	3.9532	0.8726	10.1210	3.8489
1.0768	3.9910	0.6238	10.0907	4.0889
1.0763	4.0082	0.4282	10.0884	4.0889
1.0760	4.0192	0.0507	10.0786	4.4630
1.0760	4.0199	0.1476	10.0822	4.4630
1.0759	4.0227	-0.1147	10.0789	4.4630
1.0760	4.0211	-0.1188	10.0913	4.4630
1.0761	4.0178	-0.2464	10.0960	4.4630
1.0763	4.0102	-0.1763	10.0950	4.4630
1.0765	4.0048	-0.5634	10.0808	4.4630
1.0767	3.9949	-0.3005	10.0816	4.7214
1.0768	3.9892	-0.1288	10.0857	4.7214
1.0769	3.9862	-0.5616	10.0798	4.7214
1.0771	3.9771	-0.6888	10.0773	4.7214
1.0771	3.9715	-0.4020	10.0773	4.8714
1.0771	3.9682	-0.2959	10.0774	4.8714
1.0771	3.9665	-0.0643	10.0773	5.1007
1.0771	3.9660	0.0632	10.0795	5.1007
1.0771	3.9670	0.2943	10.0845	5.1007
1.0769	3.9735	-0.0966	10.0777	5.4893
1.0769	3.9724	0.2534	10.0805	5.4893
1.0768	3.9768	0.1482	10.0889	5.4893
1.0767	3.9806	0.0630	10.0944	5.4893
1.0767	3.9825	0.2786	10.0931	5.4893
1.0764	3.9905	0.5513	10.0965	5.4893
1.0759	4.0076	0.6964	10.0892	5.4893
1.0754	4.0258	0.2867	10.0864	5.7428
1.0752	4.0326	0.3924	10.0967	5.7428
1.0748	4.0448	0.5083	10.0989	5.7428
1.0743	4.0612	0.3628	10.1180	5.7428
1.0737	4.0762	0.1641	10.1561	5.9558
1.0734	4.0850	-0.1987	10.1488	5.9558
1.0738	4.0748	-0.1649	10.1289	5.9558
1.0741	4.0673	-0.3602	10.1096	5.9558
1.0745	4.0540	-0.5039	10.1246	5.9558
1.0753	4.0322	-0.4237	10.1211	5.9558
1.0759	4.0145	-0.1063	10.1422	6.1931
1.0760	4.0093	-0.3246	10.1655	6.1931
1.0767	3.9913	-0.9930	10.1464	6.1931
1.0785	3.9419	-0.5334	10.1259	6.6394
1.0793	3.9190	-0.7173	10.1019	6.6394
1.0800	3.8955	-1.2905	10.0986	6.6394
1.0813	3.8553	-1.3184	10.0830	6.6394
1.0820	3.8288	-1.4435	10.0834	6.6394
1.0828	3.7992	-1.2546	10.0796	6.6394
1.0833	3.7791	-1.7014	10.0789	6.6394
1.0838	3.7535	-1.5175	10.0769	6.6394
1.0839	3.7385	-1.5122	10.0799	6.6394
1.0845	3.7133	-1.4289	10.0777	6.6394
1.0848	3.6949	-1.5422	10.0804	6.6394
1.0855	3.6682	-1.3948	10.0807	6.6394
1.0861	3.6433	-1.4150	10.0775	6.6394
1.0864	3.6256	-1.5980	10.0769	6.6394
1.0862	3.6185	-1.3807	10.0770	6.6394
1.0864	3.6029	-1.2186	10.0765	6.6394
1.0864	3.5935	-1.9771	10.0899	6.6394
1.0848	3.6148	-1.6049	10.0856	6.6394
1.0838	3.6269	-1.1166	10.0767	6.6394
1.0837	3.6218	-1.0744	10.0780	6.6394
1.0840	3.6067	-1.0096	10.0768	6.6394
1.0841	3.5956	-0.8123	10.0764	6.6394
1.0840	3.5910	-1.0269	10.0763	6.6394
1.0840	3.5839	-1.0026	10.0765	6.6394
1.0839	3.5789	-1.1501	10.0775	6.6394
1.0836	3.5768	-0.9501	10.0783	6.6394
1.0839	3.5627	-1.3238	10.0766	6.6394
1.0841	3.5485	-1.4700	10.0768	6.6394
1.0838	3.5435	-1.1519	10.0762	6.6394
1.0839	3.5326	-1.3574	10.0761	6.6394
1.0840	3.5207	-0.9343	10.0778	6.6394
1.0843	3.5074	-1.1266	10.0815	6.6394
1.0848	3.4857	-1.0341	10.0818	6.6394
1.0854	3.4655	-0.8868	10.0909	6.6394
1.0861	3.4418	-0.8697	10.0903	6.6394
1.0868	3.4189	-0.7859	10.1049	6.6394
1.0877	3.3920	-0.9473	10.1071	6.6394
1.0888	3.3587	-1.1698	10.0883	6.6394
1.0897	3.3295	-1.0429	10.0845	6.6394
1.0903	3.3066	-1.2079	10.0758	6.6394
1.0903	3.2977	-1.0190	10.0760	6.6394
1.0904	3.2878	-1.5157	10.0758	6.6394
1.0904	3.2776	-1.6986	10.0767	6.6394
1.0900	3.2731	-1.3596	10.0758	6.6394
1.0899	3.2654	-1.3311	10.0761	6.6394
1.0897	3.2596	-1.3119	10.0766	6.6394
1.0900	3.2434	-1.3670	10.0756	6.6394
1.0900	3.2322	-1.1429	10.0783	6.6394
1.0904	3.2144	-1.3596	10.0804	6.6394
1.0911	3.1895	-1.6214	10.0834	6.6394
1.0920	3.1549	-1.6198	10.0830	6.6394
1.0930	3.1209	-1.2865	10.0828	6.6394
1.0937	3.0942	-1.0562	10.0899	6.6394
1.0946	3.0666	-0.9363	10.0880	6.6394
1.0953	3.0433	-0.6991	10.0876	6.6394
1.0958	3.0261	-0.4922	10.0845	6.3301
1.0961	3.0152	-0.4996	10.0828	6.3301
1.0964	3.0048	-0.5416	10.0831	6.3301
1.0967	2.9934	-0.2452	10.0922	6.5755
1.0969	2.9866	-0.3260	10.0865	6.5755
1.0972	2.9789	0.0978	10.0863	6.9964
1.0971	2.9812	0.1948	10.0789	6.9964
1.0970	2.9845	-0.1419	10.0770	6.9964
1.0971	2.9825	0.0073	10.0789	6.9964
1.0971	2.9826	0.0454	10.0816	6.9964
1.0970	2.9835	0.0482	10.0806	6.9964
1.0970	2.9844	-0.0629	10.0771	6.9964
1.0970	2.9835	-0.3350	10.0763	6.9964
1.0971	2.9791	-0.3022	10.0758	6.9964
1.0972	2.9756	-0.3124	10.0765	6.9964
1.0973	2.9713	-0.3476	10.0756	6.9964
1.0973	2.9672	-0.4439	10.0748	6.9964
1.0973	2.9639	-0.2367	10.0748	6.9964
1.0973	2.9621	-0.3847	10.0748	6.9964
1.0973	2.9595	0.0204	10.0749	7.3343
1.0973	2.9596	-0.1622	10.0747	7.3343
1.0973	2.9584	-0.3184	10.0762	7.3343
1.0972	2.9579	-0.5528	10.0765	7.3343
1.0971	2.9574	-0.5884	10.0771	7.3343
1.0969	2.9576	-0.5216	10.0758	7.3343
1.0968	2.9565	-0.5325	10.0760	7.3343
1.0966	2.9556	-0.5417	10.0775	7.3343
1.0964	2.9561	-0.4485	10.0775	7.3343
1.0963	2.9565	-0.5087	10.0806	7.3343
1.0960	2.9588	-0.5102	10.0791	7.3343
1.0958	2.9604	-0.6053	10.0789	7.3343
1.0955	2.9621	-0.6343	10.0793	7.3343
1.0952	2.9642	-0.6775	10.0790	7.3343
1.0949	2.9662	-0.4443	10.0751	7.3343
1.0948	2.9647	-0.7170	10.0771	7.3343
1.0946	2.9652	-0.4712	10.0753	7.3343
1.0945	2.9640	-0.3311	10.0750	7.3343
1.0944	2.9629	-0.0590	10.0754	7.5302
1.0944	2.9627	0.0384	10.0747	7.5302
1.0944	2.9629	0.0470	10.0762	7.5302
1.0944	2.9629	0.2104	10.0759	7.5302
1.0945	2.9631	0.0761	10.0775	7.5302
1.0945	2.9630	-0.0682	10.0778	7.5302
1.0945	2.9631	-0.1615	10.0781	7.5302
1.0944	2.9635	0.0788	10.0781	7.5302
1.0944	2.9633	0.0639	10.0776	7.5302
1.0945	2.9632	0.1992	10.0789	7.5302
1.0946	2.9626	0.1247	10.0773	7.5302
1.0946	2.9624	-0.0664	10.0759	7.5302
1.0946	2.9623	0.0569	10.0741	7.5302
1.0946	2.9628	-0.0058	10.0740	7.5302
1.0946	2.9628	0.1230	10.0745	7.5302
1.0946	2.9633	0.2869	10.0743	7.5302
1.0946	2.9645	0.2427	10.0740	7.5302
1.0946	2.9660	0.1546	10.0755	7.5302
1.0947	2.9662	-0.0210	10.0744	7.8330
1.0947	2.9661	-0.1393	10.0757	7.8330
1.0946	2.9660	-0.1015	10.0766	7.8330
1.0946	2.9661	-0.1811	10.0774	7.8330
1.0945	2.9664	0.1485	10.0744	7.8330
1.0946	2.9669	0.2878	10.0741	7.8330
1.0946	2.9683	0.0974	10.0738	7.8330
1.0946	2.9689	0.0064	10.0743	8.1115
1.0946	2.9690	0.1123	10.0761	8.1115
1.0946	2.9689	0.1014	10.0749	8.1115
1.0947	2.9692	-0.2022	10.0751	8.1115
1.0946	2.9688	-0.2717	10.0751	8.1115
1.0945	2.9684	-0.3610	10.0757	8.1115
1.0944	2.9682	-0.0296	10.0765	8.4402
1.0944	2.9683	-0.0544	10.0745	8.4402
1.0944	2.9681	-0.2476	10.0737	8.4402
1.0944	2.9667	-0.5590	10.0740	8.4402
1.0943	2.9642	-0.5970	10.0736	8.4402
1.0943	2.9605	-0.6724	10.0738	8.4402
1.0944	2.9541	-0.7092	10.0736	8.4402
1.0943	2.9491	-0.6516	10.0754	8.4402
1.0942	2.9487	-0.8385	10.0741	8.4402
1.0940	2.9455	-0.9608	10.0744	8.4402
1.0938	2.9427	-0.6871	10.0756	8.4402
1.0936	2.9426	-0.6992	10.0754	8.4402
1.0934	2.9422	-0.7967	10.0756	8.4402
1.0932	2.9420	-0.8319	10.0764	8.4402
1.0929	2.9428	-0.7822	10.0743	8.4402
1.0927	2.9406	-0.9140	10.0753	8.4402
1.0925	2.9400	-0.8387	10.0777	8.4402
1.0921	2.9423	-0.8459	10.0781	8.4402
1.0917	2.9449	-0.6412	10.0793	8.4402
1.0914	2.9478	-0.6061	10.0782	8.4402
1.0911	2.9498	-0.5724	10.0793	8.4402
1.0908	2.9523	-0.7624	10.0787	8.4402
1.0904	2.9553	-1.1075	10.0768	8.4402
1.0900	2.9571	-1.0259	10.0737	8.4402
1.0899	2.9526	-0.9175	10.0736	8.4402
1.0898	2.9484	-0.9387	10.0735	8.4402
1.0898	2.9397	-0.8856	10.0739	8.4402
1.0900	2.9299	-1.0843	10.0733	8.4402
1.0900	2.9211	-0.8675	10.0736	8.4402
1.0901	2.9122	-1.1514	10.0744	8.4402
1.0904	2.8980	-1.2830	10.0755	8.4402
1.0908	2.8793	-0.9289	10.0797	8.4402
1.0913	2.8612	-0.7050	10.0845	8.4402
1.0918	2.8446	-0.4888	10.0894	8.3344
1.0922	2.8316	-0.5424	10.0815	8.3344
1.0926	2.8202	-0.5051	10.0831	8.3344
1.0929	2.8089	0.0142	10.0867	8.8823
1.0929	2.8093	0.0843	10.0882	8.8823
1.0928	2.8115	0.2386	10.0926	8.8823
1.0926	2.8182	-0.1119	10.0823	8.8823
1.0927	2.8158	-0.1191	10.0906	8.8823
1.0928	2.8126	-0.1783	10.0883	8.8823
1.0929	2.8080	-0.2205	10.0950	8.8823
1.0931	2.8015	-0.4870	10.0908	8.8823
1.0936	2.7882	-0.3432	10.0867	9.0218
1.0938	2.7797	-0.5478	10.0776	9.0218
1.0941	2.7702	-0.6145	10.0774	9.0218
1.0943	2.7597	-0.7670	10.0775	9.0218
1.0947	2.7464	-0.7880	10.0810	9.0218
1.0952	2.7301	-0.7449	10.0772	9.0218
1.0955	2.7174	-0.5673	10.0793	9.0218
1.0958	2.7066	-0.5533	10.0780	9.0218
1.0960	2.6966	-0.6779	10.0754	9.0218
1.0963	2.6866	-0.8788	10.0739	9.0218
1.0965	2.6760	-0.7390	10.0728	9.0218
1.0965	2.6700	-0.6611	10.0730	9.0218
1.0966	2.6638	-0.5385	10.0819	9.0218
1.0969	2.6523	-0.5077	10.0800	9.0218
1.0972	2.6422	-0.4558	10.0849	9.0459
1.0975	2.6314	-0.6093	10.0809	9.0459
1.0979	2.6189	-0.7308	10.0778	9.0459
1.0982	2.6059	-0.6335	10.0799	9.0459
1.0986	2.5934	-0.7574	10.0736	9.0459
1.0987	2.5844	-0.8396	10.0729	9.0459
1.0988	2.5761	-0.3584	10.0726	9.2708
1.0989	2.5731	-0.4118	10.0726	9.2708
1.0989	2.5695	-0.6642	10.0732	9.2708
1.0990	2.5622	-0.6744	10.0733	9.2708
1.0991	2.5544	-0.6797	10.0748	9.2708
1.0994	2.5446	-0.7655	10.0736	9.2708
1.0995	2.5353	-0.6581	10.0754	9.2708
1.0998	2.5252	-0.7611	10.0732	9.2708
1.0999	2.5165	-0.7895	10.0730	9.2708
1.1000	2.5079	-0.9758	10.0723	9.2708
1.1001	2.5004	-1.0428	10.0723	9.2708
1.1000	2.4938	-1.1834	10.0733	9.2708
1.0998	2.4908	-1.1178	10.0724	9.2708
1.0997	2.4851	-0.9279	10.0724	9.2708
1.0998	2.4765	-1.0483	10.0727	9.2708
1.0999	2.4656	-1.1677	10.0722	9.2708
1.0999	2.4566	-1.1413	10.0728	9.2708
1.0998	2.4525	-1.4039	10.0764	9.2708
1.0991	2.4560	-1.3452	10.0766	9.2708
1.0986	2.4596	-1.6340	10.0764	9.2708
1.0978	2.4637	-1.6757	10.0759	9.2708
1.0972	2.4670	-1.8783	10.0755	9.2708
1.0964	2.4697	-1.8576	10.0798	9.2708
1.0953	2.4805	-1.7829	10.0797	9.2708
1.0943	2.4908	-1.3982	10.0809	9.2708
1.0934	2.5002	-1.6519	10.0829	9.2708
1.0923	2.5138	-1.4074	10.0827	9.2708
1.0913	2.5252	-1.2650	10.0824	9.2708
1.0905	2.5352	-1.1820	10.0792	9.2708
1.0898	2.5416	-1.0091	10.0787	9.2708
1.0893	2.5466	-0.7859	10.0780	9.2708
1.0888	2.5500	-0.7492	10.0818	9.2708
1.0884	2.5556	-0.6069	10.0808	9.2708
1.0880	2.5597	-0.7370	10.0830	9.2708
1.0875	2.5659	-0.9193	10.0860	9.2708
1.0867	2.5754	-1.0149	10.0865	9.2708
1.0859	2.5863	-0.9204	10.0819	9.2708
1.0853	2.5933	-0.7504	10.0814	9.2708
1.0848	2.5988	-0.6108	10.0794	9.2708
1.0845	2.6023	-0.7027	10.0803	9.2708
1.0841	2.6068	-0.6621	10.0795	9.2708
1.0837	2.6106	-0.4800	10.0751	9.2708
1.0835	2.6113	-0.5407	10.0777	9.2708
1.0832	2.6136	-0.0516	10.0741	9.3109
1.0832	2.6136	0.0038	10.0737	9.3109
1.0832	2.6136	-0.0628	10.0785	9.3109
1.0832	2.6139	0.2227	10.0806	9.3109
1.0833	2.6124	0.4143	10.0773	9.3109
1.0835	2.6108	0.1510	10.0814	9.5708
1.0836	2.6097	0.0723	10.0826	9.5708
1.0836	2.6091	0.1157	10.0892	9.5708
1.0838	2.6077	0.2413	10.0919	9.5708
1.0840	2.6043	0.3226	10.0868	9.5708
1.0842	2.6008	0.3241	10.0858	9.5708
1.0845	2.5975	0.1269	10.0885	9.7609
1.0846	2.5959	0.1694	10.0857	9.7609
1.0847	2.5942	0.0788	10.0854	9.7609
1.0848	2.5934	-0.0009	10.0833	9.7609
1.0848	2.5934	0.1171	10.0790	9.7609
1.0849	2.5928	0.0930	10.0780	9.7609
1.0849	2.5923	0.0049	10.0835	9.7609
1.0849	2.5923	0.0878	10.0798	9.7609
1.0850	2.5917	0.0475	10.0827	9.7609
1.0850	2.5914	0.1097	10.0822	9.7609
1.0851	2.5905	0.1041	10.0798	9.7609
1.0851	2.5898	0.2946	10.0826	9.7609
1.0853	2.5874	0.2539	10.0822	9.7609
1.0855	2.5853	0.1818	10.0821	9.7609
1.0856	2.5839	0.0237	10.0815	10.0258
1.0856	2.5837	-0.2799	10.0820	10.0258
1.0855	2.5859	-0.2796	10.0838	10.0258
1.0852	2.5885	-0.3504	10.0826	10.0258
1.0850	2.5914	-0.5280	10.0860	10.0258
1.0846	2.5969	-0.4370	10.0885	10.0258
1.0842	2.6021	-0.5285	10.0962	10.0258
1.0837	2.6105	-0.5876	10.0945	10.0258
1.0831	2.6193	-0.6505	10.0894	10.0258
1.0825	2.6273	-0.7089	10.0901	10.0258
1.0819	2.6364	-0.7539	10.0842	10.0258
1.0814	2.6434	-1.0306	10.0866	10.0258
1.0806	2.6545	-0.9363	10.0894	10.0258
1.0797	2.6661	-0.9192	10.0874	10.0258
1.0790	2.6764	-0.7083	10.0887	10.0258
1.0784	2.6849	-0.5021	10.0885	10.0258
1.0780	2.6909	-0.3881	10.0826	10.0258
1.0777	2.6941	-0.6273	10.0848	10.0258
1.0773	2.7001	-0.8499	10.0905	10.0258
1.0765	2.7111	-0.9954	10.0866	10.0258
1.0757	2.7218	-1.1493	10.0850	10.0258
1.0749	2.7330	-1.2171	10.0864	10.0258
1.0739	2.7459	-1.2089	10.0867	10.0258
1.0730	2.7589	-1.0573	10.0823	10.0258
1.0723	2.7673	-1.1813	10.0778	10.0258
1.0717	2.7725	-1.3164	10.0769	10.0258
1.0710	2.7771	-1.1571	10.0770	10.0258
1.0705	2.7813	-1.0578	10.0817	10.0258
1.0698	2.7893	-0.9516	10.0803	10.0258
1.0692	2.7954	-0.7733	10.0801	10.0258
1.0688	2.8003	-0.8695	10.0865	10.0258
1.0681	2.8095	-0.8773	10.0853	10.0258
1.0674	2.8182	-1.1332	10.0860	10.0258
1.0666	2.8298	-1.1562	10.0889	10.0258
1.0656	2.8437	-1.1758	10.0914	10.0258
1.0645	2.8592	-1.3310	10.0928	10.0258
1.0633	2.8778	-1.4000	10.0929	10.0258
1.0620	2.8974	-1.4902	10.0937	10.0258
1.0606	2.9188	-1.4082	10.0940	10.0258
1.0593	2.9392	-1.4816	10.0959	10.0258
1.0578	2.9620	-1.6803	10.1002	10.0258
1.0560	2.9910	-1.4670	10.1011	10.0258
1.0544	3.0168	-1.4910	10.1043	10.0258
1.0527	3.0450	-1.3398	10.1058	10.0258
1.0512	3.0711	-1.3291	10.1024	10.0258
1.0497	3.0951	-1.4672	10.1027	10.0258
1.0481	3.1217	-1.4475	10.1048	10.0258
1.0464	3.1492	-0.8249	10.0884	10.0258
1.0457	3.1586	-0.6945	10.0872	10.0258
1.0452	3.1661	-0.7639	10.0890	10.0258
1.0446	3.1750	-0.7083	10.0857	10.0258
1.0441	3.1819	-0.6579	10.0841	10.0258
1.0436	3.1877	-0.6606	10.0835	10.0258
1.0432	3.1932	-0.8425	10.0858	10.0258
1.0425	3.2015	-0.9415	10.0844	10.0258
1.0419	3.2099	-1.0025	10.0914	10.0258
1.0410	3.2229	-0.8777	10.0978	10.0258
1.0401	3.2368	-1.0044	10.0952	10.0258
1.0392	3.2516	-0.9492	10.0971	10.0258
1.0382	3.2664	-0.9171	10.0952	10.0258
1.0373	3.2799	-0.7521	10.0919	10.0258
1.0367	3.2897	-0.8311	10.0946	10.0258
1.0359	3.3016	-0.8737	10.1001	10.0258
1.0350	3.3163	-0.6174	10.0954	10.0258
1.0344	3.3253	-0.6139	10.0965	10.0258
1.0338	3.3346	-0.5274	10.0958	10.0258
1.0333	3.3424	-0.8484	10.0991	10.0258
1.0325	3.3563	-0.8543	10.1015	10.0258
1.0316	3.3710	-0.7641	10.1001	10.0258
1.0308	3.3837	-0.6902	10.1023	10.0258
1.0300	3.3959	-0.9841	10.1026	10.0258
1.0290	3.4132	-0.9836	10.1018	10.0258
1.0279	3.4302	-1.1662	10.1034	10.0258
1.0267	3.4511	-1.0829	10.1019	10.0258
1.0255	3.4698	-1.1889	10.1076	10.0258
1.0242	3.4929	-1.1738	10.1049	10.0258
1.0229	3.5144	-1.3618	10.1047	10.0258
1.0214	3.5393	-1.3420	10.1088	10.0258
1.0198	3.5659	-1.2122	10.1023	10.0258
1.0185	3.5868	-1.1314	10.1037	10.0258
1.0173	3.6069	-1.0296	10.1031	10.0258
1.0162	3.6250	-1.0469	10.0998	10.0258
1.0152	3.6419	-1.3614	10.1063	10.0258
1.0137	3.6673	-1.3558	10.1039	10.0258
1.0122	3.6914	-1.2422	10.1042	10.0258
1.0109	3.7135	-1.5727	10.1106	10.0258
1.0091	3.7452	-1.8475	10.1154	10.0258
1.0068	3.7855	-2.0763	10.1143	10.0258
1.0042	3.8299	-2.4751	10.1277	10.0258
1.0008	3.8932	-2.3635	10.1157	10.0258
0.9978	3.9447	-2.0475	10.1043	10.0258
0.9957	3.9807	-2.4642	10.1157	10.0258
0.9926	4.0341	-2.4781	10.1082	10.0258
0.9899	4.0812	-2.3616	10.1078	10.0258
0.9872	4.1256	-2.3925	10.1145	10.0258
0.9844	4.1762	-2.4158	10.1133	10.0258
0.9815	4.2262	-2.3677	10.1141	10.0258
0.9787	4.2758	-2.3042	10.1101	10.0258
0.9761	4.3206	-2.6688	10.1200	10.0258
0.9727	4.3814	-2.7033	10.1230	10.0258
0.9691	4.4452	-2.6777	10.1246	10.0258
0.9656	4.5096	-2.6154	10.1233	10.0258
0.9622	4.5714	-2.5975	10.1268	10.0258
0.9587	4.6352	-2.4958	10.1255	10.0258
0.9554	4.6955	-2.6143	10.1192	10.0258
0.9521	4.7534	-2.1782	10.1161	10.0258
0.9495	4.7994	-2.4215	10.1265	10.0258
0.9463	4.8582	-2.2917	10.1160	10.0258
0.9436	4.9062	-1.9430	10.1046	10.0258
0.9416	4.9391	-1.8183	10.1059	10.0258
0.9397	4.9706	-1.8176	10.1027	10.0258
0.9379	4.9999	-2.0287	10.1092	10.0258
0.9357	5.0374	-2.0651	10.1060	10.0258
0.9336	5.0731	-1.9362	10.1079	10.0258
0.9316	5.1078	-1.9735	10.1081	10.0258
0.9295	5.1433	-1.7666	10.1064	10.0258
0.9277	5.1740	-1.7459	10.1038	10.0258
0.9259	5.2024	-1.8169	10.1065	10.0258
0.9241	5.2339	-2.0843	10.0993	10.0258
0.9222	5.2639	-2.2130	10.0992	10.0258
0.9202	5.2957	-2.0668	10.0935	10.0258
0.9185	5.3200	-2.2498	10.0970	10.0258
0.9166	5.3501	-2.3081	10.1058	10.0258
0.9143	5.3890	-2.3225	10.1107	10.0258
0.9118	5.4322	-2.5003	10.1145	10.0258
0.9089	5.4818	-2.6902	10.1095	10.0258
0.9061	5.5305	-2.8578	10.0906	10.0258
0.9040	5.5595	-2.9617	10.1010	10.0258
0.9013	5.6033	-3.1997	10.0958	10.0258
0.8986	5.6434	-2.8827	10.0919	10.0258
0.8965	5.6742	-2.7143	10.0921	10.0258
0.8945	5.7034	-2.8306	10.0948	10.0258
0.8922	5.7374	-3.1866	10.1023	10.0258
0.8892	5.7857	-3.0511	10.1098	10.0258
0.8860	5.8405	-2.8688	10.1110	10.0258
0.8830	5.8931	-2.8714	10.1081	10.0258
0.8800	5.9426	-2.8403	10.1168	10.0258
0.8768	6.0000	-2.6180	10.1219	10.0258
0.8737	6.0568	-2.4171	10.1103	10.0258
0.8711	6.1001	-2.3094	10.1101	10.0258
0.8687	6.1412	-2.4383	10.1173	10.0258
0.8660	6.1904	-2.1122	10.1115	10.0258
0.8637	6.2289	-1.7271	10.1053	10.0258
0.8621	6.2564	-1.5173	10.1096	10.0258
0.8605	6.2829	-1.4597	10.1024	10.0258
0.8592	6.3044	-1.3804	10.1001	10.0258
0.8580	6.3234	-1.3681	10.0985	10.0258
0.8568	6.3413	-1.4504	10.0988	10.0258
0.8556	6.3604	-1.4709	10.0947	10.0258
0.8545	6.3770	-1.1780	10.0895	10.0258
0.8537	6.3872	-1.1064	10.0886	10.0258
0.8530	6.3962	-1.0767	10.0932	10.0258
0.8522	6.4075	-0.7981	10.0892	10.0258
0.8517	6.4143	-0.5282	10.0831	10.0258
0.8514	6.4167	-0.4661	10.0817	10.0258
0.8512	6.4183	0.2583	10.0762	8.6023
0.8513	6.4190	0.2593	10.0763	8.6023
0.8513	6.4197	0.4524	10.0760	8.6023
0.8514	6.4213	0.5324	10.0764	8.6023
0.8515	6.4227	0.5219	10.0751	8.6023
0.8515	6.4265	0.3381	10.0761	8.7052
0.8516	6.4277	0.3711	10.0754	8.7052
0.8516	6.4298	0.6781	10.0761	8.7052
0.8515	6.4375	0.6812	10.0756	8.7052
0.8514	6.4442	0.8838	10.0760	8.7052
0.8513	6.4539	1.1529	10.0768	8.7052
0.8511	6.4683	1.1090	10.0787	8.7052
0.8507	6.4850	0.8089	10.0786	8.7052
0.8505	6.4971	0.7217	10.0757	8.7052
0.8504	6.5041	0.5173	10.0758	8.7052
0.8503	6.5093	0.4203	10.0755	8.7052
0.8504	6.5123	0.6462	10.0755	8.7052
0.8503	6.5176	0.7601	10.0769	8.7052
0.8502	6.5271	0.7555	10.0846	8.7052
0.8498	6.5422	0.4707	10.0824	8.7052
0.8496	6.5508	0.1588	10.0833	8.8395
0.8495	6.5538	0.0892	10.0797	8.8395
0.8495	6.5553	-0.0309	10.0780	8.8395
0.8495	6.5548	-0.0438	10.0792	8.8395
0.8495	6.5542	0.4143	10.0829	8.8395
0.8493	6.5619	0.5828	10.0839	8.8395
0.8490	6.5732	0.4531	10.0828	8.8395
0.8488	6.5816	0.6849	10.0862	8.8395
0.8484	6.5959	0.4564	10.0841	8.8395
0.8482	6.6048	0.4775	10.0818	8.8395
0.8480	6.6132	0.3850	10.0783	8.8395
0.8479	6.6187	0.5716	10.0795	8.8395
0.8477	6.6275	0.8215	10.0764	8.8395
0.8476	6.6365	0.9481	10.0776	8.8395
0.8474	6.6490	0.9521	10.0769	8.8395
0.8472	6.6604	0.7538	10.0760	8.8395
0.8471	6.6676	0.7527	10.0760	8.8395
0.8471	6.6747	1.1048	10.0761	8.8395
0.8470	6.6856	1.2788	10.0762	8.8395
0.8468	6.6985	1.3267	10.0759	8.8395
0.8467	6.7102	1.3005	10.0758	8.8395
0.8467	6.7207	1.1946	10.0759	8.8395
0.8466	6.7317	1.1694	10.0758	8.8395
0.8466	6.7406	0.9382	10.0759	8.8395
0.8467	6.7464	1.2020	10.0758	8.8395
0.8467	6.7555	1.1093	10.0761	8.8395
0.8466	6.7666	1.1725	10.0768	8.8395
0.8464	6.7803	1.2251	10.0767	8.8395
0.8461	6.7944	0.9973	10.0763	8.8395
0.8460	6.8048	0.9506	10.0764	8.8395
0.8459	6.8150	0.6941	10.0762	8.8395
0.8458	6.8221	0.7672	10.0775	8.8395
0.8456	6.8321	0.7832	10.0758	8.8395
0.8456	6.8385	0.7005	10.0758	8.8395
0.8456	6.8434	0.6483	10.0759	8.8395
0.8457	6.8473	0.5228	10.0763	8.8395
0.8457	6.8497	0.5588	10.0763	8.8395
0.8458	6.8522	0.8699	10.0760	8.8395
0.8459	6.8571	0.8042	10.0761	8.8395
0.8460	6.8612	0.6057	10.0758	8.8395
0.8460	6.8652	0.7612	10.0757	8.8395
0.8460	6.8708	0.5723	10.0759	8.8395
0.8459	6.8761	0.5642	10.0757	8.8395
0.8459	6.8807	0.5562	10.0759	8.8395
0.8460	6.8840	0.6689	10.0757	8.8395
0.8460	6.8886	0.5569	10.0758	8.8395
0.8460	6.8933	0.6704	10.0758	8.8395
0.8459	6.8994	0.7392	10.0759	8.8395
0.8459	6.9062	0.6228	10.0758	8.8395
0.8458	6.9117	0.2245	10.0765	8.7602
0.8459	6.9126	0.0752	10.0779	8.7602
0.8459	6.9127	0.3831	10.0772	8.7602
0.8460	6.9136	0.4333	10.0780	8.7602
0.8461	6.9141	0.2769	10.0804	8.7602
0.8462	6.9138	-0.0538	10.0838	9.1884
0.8462	6.9140	0.0189	10.0846	9.1884
0.8462	6.9139	-0.0997	10.0821	9.1884
0.8461	6.9142	-0.0904	10.0820	9.1884
0.8461	6.9144	0.0296	10.0837	9.1884
0.8461	6.9143	-0.0738	10.0862	9.1884
0.8461	6.9147	-0.2300	10.0950	9.1884
0.8459	6.9171	-0.1256	10.0904	9.1884
0.8458	6.9182	-0.1807	10.0865	9.1884
0.8457	6.9192	-0.2568	10.0874	9.1884
0.8455	6.9209	-0.1262	10.0857	9.1884
0.8455	6.9216	-0.2159	10.0863	9.1884
0.8454	6.9229	-0.3331	10.0886	9.1884
0.8452	6.9252	-0.1481	10.0863	9.1884
0.8451	6.9261	0.0290	10.0827	9.5465
0.8451	6.9260	-0.0287	10.0847	9.5465
0.8451	6.9262	-0.0700	10.0845	9.5465
0.8450	6.9265	-0.2372	10.0840	9.5465
0.8449	6.9275	-0.2811	10.0862	9.5465
0.8448	6.9291	0.0914	10.0817	9.5465
0.8448	6.9289	-0.1141	10.0804	9.5465
0.8448	6.9291	-0.1677	10.0812	9.5465
0.8447	6.9294	-0.1364	10.0854	9.5465
0.8446	6.9301	-0.3125	10.0894	9.5465
0.8444	6.9325	-0.2919	10.0899	9.5465
0.8442	6.9348	-0.2933	10.0886	9.5465
0.8440	6.9369	-0.3893	10.0929	9.5465
0.8438	6.9406	-0.4363	10.0986	9.5465
0.8434	6.9458	-0.4535	10.1037	9.5465
0.8430	6.9522	-0.3636	10.1028	9.5465
0.8427	6.9572	-0.4801	10.1097	9.5465
0.8422	6.9649	-0.3796	10.1016	9.5465
0.8419	6.9699	-0.4015	10.1029	9.5465
0.8415	6.9754	-0.4184	10.1047	9.5465
0.8411	6.9814	-0.4898	10.1061	9.5465
0.8407	6.9886	-0.1725	10.1003	9.5465
0.8405	6.9908	-0.0447	10.0976	9.7661
0.8405	6.9913	-0.0474	10.0971	9.7661
0.8405	6.9919	-0.1202	10.0965	9.7661
0.8404	6.9932	-0.1214	10.0980	9.7661
0.8403	6.9946	-0.2655	10.0983	9.7661
0.8401	6.9977	-0.2477	10.1017	9.7661
0.8398	7.0009	-0.2429	10.0956	9.7661
0.8397	7.0035	-0.1445	10.0970	9.7661
0.8396	7.0051	0.0267	10.0930	9.7661
0.8396	7.0048	0.1752	10.0887	9.7661
0.8397	7.0036	0.4996	10.0868	9.7661
0.8400	7.0006	0.5313	10.0879	9.7661
0.8403	6.9971	0.3626	10.0923	9.8940
0.8405	6.9939	0.5053	10.0902	9.8940
0.8408	6.9900	0.3660	10.0897	10.0287
0.8411	6.9872	0.7224	10.0852	10.0287
0.8414	6.9837	0.7977	10.0834	10.0287
0.8418	6.9808	0.8095	10.0833	10.0287
0.8422	6.9780	0.7197	10.0831	10.0287
0.8425	6.9756	0.6033	10.0819	10.1228
0.8427	6.9741	0.5327	10.0811	10.1228
0.8430	6.9732	0.7395	10.0802	10.1228
0.8432	6.9725	0.8682	10.0784	10.1228
0.8434	6.9734	0.6320	10.0781	10.1228
0.8436	6.9743	0.5340	10.0781	10.1228
0.8437	6.9751	0.6899	10.0768	10.1228
0.8438	6.9777	0.6712	10.0774	10.1228
0.8440	6.9794	1.1030	10.0763	10.1228
0.8441	6.9847	1.1930	10.0763	10.1228
0.8442	6.9905	1.0664	10.0759	10.1228
0.8443	6.9983	1.4180	10.0767	10.1228
0.8440	7.0142	1.2793	10.0761	10.1228
0.8439	7.0260	1.3277	10.0759	10.1228
0.8439	7.0366	1.4572	10.0762	10.1228
0.8438	7.0507	1.6212	10.0777	10.1228
0.8434	7.0716	1.4966	10.0764	10.1228
0.8433	7.0869	1.2548	10.0760	10.1228
0.8433	7.0965	1.2008	10.0762	10.1228
0.8434	7.1032	1.2642	10.0764	10.1228
0.8435	7.1095	1.4384	10.0763	10.1228
0.8436	7.1171	1.3103	10.0761	10.1228
0.8437	7.1249	1.4013	10.0763	10.1228
0.8438	7.1325	1.4632	10.0764	10.1228
0.8440	7.1396	1.4125	10.0761	10.1228
0.8441	7.1482	1.1792	10.0766	10.1228
0.8442	7.1534	1.0478	10.0764	10.1228
0.8444	7.1586	0.9637	10.0763	10.1228
0.8444	7.1636	1.0630	10.0761	10.1228
0.8445	7.1701	1.0088	10.0761	10.1228
0.8446	7.1765	0.9285	10.0765	10.1228
0.8447	7.1809	0.9928	10.0763	10.1228
0.8448	7.1863	1.0656	10.0760	10.1228
0.8448	7.1944	1.1960	10.0760	10.1228
0.8447	7.2035	1.3892	10.0760	10.1228
0.8447	7.2145	1.4870	10.0761	10.1228
0.8447	7.2275	1.5006	10.0760	10.1228
0.8446	7.2390	1.2824	10.0760	10.1228
0.8447	7.2485	1.5697	10.0766	10.1228
0.8445	7.2651	1.5385	10.0785	10.1228
0.8440	7.2865	1.0321	10.0779	10.1228
0.8438	7.3001	1.0407	10.0772	10.1228
0.8436	7.3124	1.0752	10.0781	10.1228
0.8433	7.3269	0.9816	10.0767	10.1228
0.8432	7.3376	1.1650	10.0775	10.1228
0.8430	7.3523	1.0910	10.0793	10.1228
0.8426	7.3684	0.6990	10.0767	10.1228
0.8425	7.3761	0.9554	10.0773	10.1228
0.8423	7.3877	0.8395	10.0760	10.1228
0.8423	7.3945	0.9000	10.0759	10.1228
0.8423	7.4008	0.9016	10.0759	10.1228
0.8424	7.4070	0.6831	10.0771	10.1228
0.8425	7.4091	0.6546	10.0779	10.1228
0.8426	7.4104	0.9101	10.0776	10.1228
0.8428	7.4125	0.6860	10.0798	10.1228
0.8431	7.4123	0.6878	10.0806	10.1228
0.8433	7.4115	0.5551	10.0798	10.1228
0.8435	7.4113	0.4514	10.0817	9.7478
0.8437	7.4103	0.4790	10.0808	9.7478
0.8439	7.4097	0.3720	10.0832	9.8509
0.8440	7.4085	0.5246	10.0813	9.8509
0.8442	7.4075	0.4410	10.0808	9.8509
0.8444	7.4069	0.4690	10.0809	9.8509
0.8446	7.4063	0.7013	10.0802	9.8509
0.8448	7.4057	0.7862	10.0789	9.8509
0.8451	7.4061	0.5958	10.0815	9.8509
0.8453	7.4049	0.6749	10.0822	9.8509
0.8456	7.4032	0.5073	10.0851	9.8509
0.8459	7.4008	0.3184	10.0847	10.0185
0.8460	7.3995	0.5764	10.0817	10.0185
0.8462	7.3982	0.7133	10.0798	10.0185
0.8465	7.3978	0.8477	10.0798	10.0185
0.8468	7.3974	0.7894	10.0797	10.0185
0.8470	7.3971	0.8026	10.0785	10.0185
0.8473	7.3979	0.6198	10.0808	10.0185
0.8475	7.3970	0.5423	10.0822	10.0185
0.8477	7.3956	0.5370	10.0792	10.0185
0.8479	7.3956	0.6151	10.0789	10.0185
0.8481	7.3959	0.6110	10.0793	10.0185
0.8483	7.3959	0.4020	10.0805	10.1401
0.8484	7.3954	0.2757	10.0830	10.1401
0.8485	7.3945	0.1316	10.0841	10.1401
0.8486	7.3939	0.1457	10.0851	10.1401
0.8487	7.3933	0.1726	10.0863	10.1401
0.8488	7.3923	0.1999	10.0884	10.1401
0.8489	7.3910	0.3226	10.0887	10.1401
0.8491	7.3888	0.4343	10.0889	10.1401
0.8494	7.3858	0.3724	10.0874	10.1401
0.8496	7.3835	0.4612	10.0882	10.1401
0.8498	7.3805	0.1687	10.0883	10.1401
0.8499	7.3794	0.1463	10.0942	10.1401
0.8500	7.3780	0.0409	10.1009	10.4041
0.8501	7.3775	-0.0695	10.0944	10.4041
0.8500	7.3781	-0.2254	10.0926	10.4041
0.8499	7.3801	-0.0308	10.0918	10.4041
0.8499	7.3804	0.1325	10.0893	10.4041
0.8499	7.3794	0.0378	10.0933	10.4041
0.8500	7.3791	0.0795	10.0943	10.4041
0.8500	7.3783	0.0772	10.0940	10.4041
0.8501	7.3776	-0.0545	10.0977	10.4041
0.8500	7.3782	-0.0005	10.0958	10.4041
0.8500	7.3782	0.0620	10.0948	10.4041
0.8501	7.3776	0.0809	10.0936	10.4041
0.8501	7.3768	-0.0498	10.0964	10.4041
0.8501	7.3774	0.4922	10.0934	10.4041
0.8504	7.3729	0.6731	10.0929	10.4041
0.8509	7.3669	0.8211	10.0896	10.4041
0.8514	7.3610	0.9028	10.0902	10.4041
0.8520	7.3542	0.7806	10.0906	10.4041
0.8525	7.3482	0.6913	10.0921	10.4041
0.8529	7.3424	0.7521	10.0916	10.4041
0.8534	7.3362	0.5802	10.0938	10.4041
0.8538	7.3308	0.3989	10.0931	10.4041
0.8541	7.3273	0.5769	10.0941	10.4041
0.8545	7.3219	0.5744	10.0942	10.4041
0.8549	7.3165	0.5507	10.0952	10.4041
0.8553	7.3111	0.4283	10.0943	10.4041
0.8556	7.3070	0.2829	10.0950	10.5366
0.8558	7.3043	0.6398	10.0901	10.5366
0.8562	7.2996	0.8051	10.0854	10.5366
0.8566	7.2959	0.8699	10.0877	10.5366
0.8571	7.2906	0.8752	10.0895	10.5366
0.8576	7.2845	0.8916	10.0906	10.5366
0.8582	7.2777	0.6349	10.0924	10.5366
0.8586	7.2724	0.5950	10.0910	10.5366
0.8590	7.2677	0.4134	10.0941	10.7147
0.8593	7.2639	0.6143	10.0915	10.7147
0.8597	7.2590	0.5959	10.0911	10.7147
0.8600	7.2544	0.7995	10.0892	10.7147
0.8605	7.2490	0.9329	10.0875	10.7147
0.8610	7.2436	0.7740	10.0898	10.7147
0.8615	7.2381	0.7810	10.0910	10.7147
0.8620	7.2321	0.7774	10.0931	10.7147
0.8625	7.2253	0.8302	10.0929	10.7147
0.8630	7.2182	1.0807	10.0907	10.7147
0.8637	7.2100	1.2360	10.0893	10.7147
0.8644	7.2017	1.4450	10.0892	10.7147
0.8653	7.1921	1.5709	10.0890	10.7147
0.8662	7.1818	1.7023	10.0860	10.7147
0.8671	7.1735	1.6556	10.0883	10.7147
0.8680	7.1634	1.5181	10.0916	10.7147
0.8690	7.1514	1.7825	10.0903	10.7147
0.8701	7.1385	1.7248	10.0920	10.7147
0.8712	7.1246	1.7014	10.0875	10.7147
0.8721	7.1151	1.7795	10.0845	10.7147
0.8729	7.1085	1.6804	10.0881	10.7147
0.8739	7.0984	1.9257	10.0881	10.7147
0.8749	7.0870	2.2614	10.0849	10.7147
0.8760	7.0780	2.2972	10.0860	10.7147
0.8771	7.0672	2.0783	10.0887	10.7147
0.8783	7.0542	2.1749	10.0891	10.7147
0.8796	7.0402	1.8957	10.0890	10.7147
0.8807	7.0280	1.9671	10.0878	10.7147
0.8817	7.0168	2.1576	10.0875	10.7147
0.8829	7.0049	2.0913	10.0859	10.7147
0.8839	6.9954	1.6060	10.0889	10.7147
0.8849	6.9853	1.6357	10.0902	10.7147
0.8858	6.9739	1.5162	10.0886	10.7147
0.8867	6.9647	1.7220	10.0894	10.7147
0.8877	6.9535	1.7954	10.0872	10.7147
0.8886	6.9440	1.7533	10.0906	10.7147
0.8897	6.9315	1.8054	10.0892	10.7147
0.8907	6.9200	1.7802	10.0914	10.7147
0.8918	6.9066	1.6654	10.0951	10.7147
0.8930	6.8911	1.7012	10.0938	10.7147
0.8941	6.8764	1.7674	10.0915	10.7147
0.8952	6.8630	1.6918	10.0927	10.7147
0.8963	6.8493	1.5421	10.0920	10.7147
0.8972	6.8374	1.6101	10.0922	10.7147
0.8982	6.8247	1.4508	10.0881	10.7147
0.8990	6.8166	1.2810	10.0862	10.7147
0.8997	6.8108	1.3611	10.0873	10.7147
0.9004	6.8038	1.2204	10.0844	10.7147
0.9009	6.7998	1.2541	10.0857	10.7147
0.9015	6.7946	1.2939	10.0830	10.7147
0.9020	6.7918	1.3473	10.0826	10.7147
0.9026	6.7893	1.6363	10.0826	10.7147
0.9032	6.7864	1.4342	10.0844	10.7147
0.9038	6.7818	1.2595	10.0860	10.7147
0.9044	6.7764	1.1688	10.0882	10.7147
0.9050	6.7699	1.2124	10.0886	10.7147
0.9057	6.7629	1.1188	10.0905	10.7147
0.9064	6.7553	1.2215	10.0908	10.7147
0.9071	6.7468	1.1182	10.0931	10.7147
0.9078	6.7377	1.2060	10.0927	10.7147
0.9086	6.7282	1.2349	10.0912	10.7147
0.9093	6.7194	1.2083	10.0917	10.7147
0.9100	6.7105	1.3100	10.0920	10.7147
0.9109	6.7007	1.4470	10.0931	10.7147
0.9118	6.6890	1.3954	10.0933	10.7147
0.9127	6.6777	1.3942	10.0934	10.7147
0.9136	6.6664	1.2513	10.0933	10.7147
0.9144	6.6563	1.2952	10.0955	10.7147
0.9152	6.6444	1.2153	10.0942	10.7147
0.9160	6.6341	1.2897	10.0934	10.7147
0.9169	6.6237	1.2154	10.0887	10.7147
0.9175	6.6169	1.4215	10.0869	10.7147
0.9182	6.6104	1.3868	10.0866	10.7147
0.9189	6.6044	1.6300	10.0829	10.7147
0.9195	6.6018	1.7541	10.0809	10.7147
0.9200	6.6020	2.0000	10.0796	10.7147
0.9205	6.6053	2.1193	10.0806	10.7147
0.9211	6.6063	2.5287	10.0778	10.7147
0.9214	6.6182	2.4933	10.0784	10.7147
0.9219	6.6270	2.3144	10.0777	10.7147
0.9221	6.6388	2.1954	10.0773	10.7147
0.9221	6.6552	2.0101	10.0773	10.7147
0.9221	6.6700	1.7526	10.0776	10.7147
0.9223	6.6802	1.7170	10.0777	10.7147
0.9221	6.6973	1.9776	10.0778	10.7147
0.9219	6.7178	2.2010	10.0791	10.7147
0.9214	6.7459	1.8848	10.0785	10.7147
0.9211	6.7682	1.5932	10.0784	10.7147
0.9209	6.7864	1.4188	10.0780	10.7147
0.9207	6.8017	1.3530	10.0782	10.7147
0.9205	6.8166	1.4321	10.0779	10.7147
0.9204	6.8313	1.2171	10.0787	10.7147
0.9202	6.8459	1.1351	10.0776	10.7147
0.9201	6.8561	0.9012	10.0785	10.7147
0.9200	6.8666	0.9690	10.0819	10.7147
0.9196	6.8819	0.4848	10.0807	9.8165
0.9195	6.8890	0.0438	10.0798	9.8165
0.9195	6.8896	-0.5192	10.0784	9.8165
0.9196	6.8837	-0.1955	10.0780	10.1362
0.9196	6.8816	-0.1974	10.0775	10.1362
0.9196	6.8800	-0.1739	10.0775	10.1362
0.9196	6.8787	0.2903	10.0776	10.1362
0.9196	6.8805	-0.1991	10.0775	10.6234
0.9196	6.8792	0.0929	10.0777	10.6234
0.9196	6.8797	0.0422	10.0782	10.6234
0.9196	6.8799	-0.1757	10.0783	10.6234
0.9196	6.8792	-0.0797	10.0800	10.6234
0.9196	6.8791	0.0855	10.0783	10.6234
0.9196	6.8794	-0.3846	10.0798	10.6234
0.9195	6.8787	-0.3411	10.0805	10.6234
0.9194	6.8784	-0.3387	10.0783	10.6234
0.9193	6.8770	-0.8847	10.0788	10.6234
0.9192	6.8742	-0.2305	10.0780	10.7624
0.9191	6.8730	-0.2268	10.0778	10.7624
0.9191	6.8718	0.0184	10.0786	10.7624
0.9191	6.8718	-0.0317	10.0786	10.7624
0.9191	6.8717	0.1050	10.0789	10.7624
0.9191	6.8721	0.4545	10.0785	10.7624
0.9192	6.8738	0.3480	10.0780	10.8653
0.9193	6.8755	0.4815	10.0786	10.8653
0.9193	6.8771	0.7451	10.0779	10.8653
0.9194	6.8810	0.9110	10.0779	10.8653
0.9195	6.8856	1.4033	10.0775	10.8653
0.9194	6.8981	1.7744	10.0776	10.8653
0.9193	6.9149	1.8217	10.0774	10.8653
0.9193	6.9290	1.6248	10.0775	10.8653
0.9192	6.9432	2.0062	10.0777	10.8653
0.9191	6.9630	1.7817	10.0774	10.8653
0.9190	6.9775	1.2459	10.0783	10.8653
0.9188	6.9917	1.4678	10.0796	10.8653
0.9185	7.0113	1.2244	10.0791	10.8653
0.9182	7.0269	1.4430	10.0786	10.8653
0.9180	7.0442	0.8066	10.0784	10.8653
0.9179	7.0534	0.8131	10.0791	10.8653
0.9177	7.0638	0.1644	10.0797	11.0307
0.9176	7.0660	0.5617	10.0810	11.0307
0.9175	7.0744	0.0907	10.0831	11.4970
0.9174	7.0760	0.0775	10.0831	11.4970
0.9174	7.0773	-0.0712	10.0859	11.4970
0.9174	7.0759	-0.0996	10.0879	11.4970
0.9175	7.0739	0.2087	10.0867	11.4970
0.9174	7.0780	1.0949	10.0936	11.4970
0.9167	7.1032	1.0980	10.0885	11.4970
0.9161	7.1256	1.1519	10.0854	11.4970
0.9156	7.1470	0.7307	10.0833	11.8327
0.9153	7.1594	1.3043	10.0852	11.8327
0.9147	7.1834	1.3342	10.0848	11.8327
0.9141	7.2076	1.3881	10.0841	11.8327
0.9135	7.2321	1.0459	10.0814	12.0579
0.9132	7.2482	1.1562	10.0821	12.0579
0.9128	7.2668	1.3567	10.0837	12.0579
0.9122	7.2903	1.2393	10.0841	12.0579
0.9117	7.3122	0.6505	10.0857	12.5322
0.9114	7.3244	0.3170	10.0863	12.5322
0.9113	7.3304	0.1620	10.0842	12.5322
0.9112	7.3333	0.2364	10.0818	12.5322
0.9111	7.3371	-0.1968	10.0803	13.0402
0.9112	7.3342	-0.3984	10.0818	13.0402
0.9113	7.3279	-0.5151	10.0816	13.0402
0.9115	7.3197	-0.4075	10.0838	13.0402
0.9116	7.3126	-0.6727	10.0825	13.0402
0.9119	7.3015	-0.3951	10.0806	13.0402
0.9120	7.2956	-0.4475	10.0825	13.0402
0.9122	7.2882	-0.5463	10.0809	13.0402
0.9124	7.2799	-0.3028	10.0808	13.0402
0.9125	7.2753	-0.0896	10.0822	13.3189
0.9125	7.2738	-0.2319	10.0814	13.3189
0.9126	7.2702	-0.0665	10.0810	13.3189
0.9126	7.2692	-0.6464	10.0816	13.3189
0.9128	7.2589	-0.8068	10.0811	13.3189
0.9131	7.2464	-0.8217	10.0818	13.3189
0.9134	7.2331	-0.5260	10.0789	13.4212
0.9135	7.2260	-0.2304	10.0770	13.4212
0.9136	7.2236	-0.6390	10.0773	13.4212
0.9137	7.2166	-0.4687	10.0764	13.5866
0.9137	7.2125	-0.6081	10.0766	13.5866
0.9137	7.2068	-0.3861	10.0765	13.8041
0.9138	7.2032	-0.5740	10.0765	13.8041
0.9138	7.1977	-0.3390	10.0773	14.0347
0.9139	7.1939	-0.0043	10.0768	14.0347
0.9139	7.1938	-0.3429	10.0761	14.0347
0.9139	7.1912	-0.1874	10.0762	14.1877
0.9139	7.1900	-0.5965	10.0763	14.1877
0.9138	7.1864	-0.7306	10.0761	14.1877
0.9138	7.1817	-0.9639	10.0763	14.1877
0.9137	7.1762	-0.9018	10.0761	14.1877
0.9136	7.1708	-0.9360	10.0766	14.1877
0.9135	7.1665	-0.7950	10.0770	14.1877
0.9134	7.1636	-0.6866	10.0762	14.1877
0.9133	7.1598	-0.7676	10.0765	14.1877
0.9132	7.1563	-0.7700	10.0765	14.1877
0.9131	7.1530	-0.9333	10.0765	14.1877
0.9130	7.1489	-0.7875	10.0762	14.1877
0.9129	7.1450	-0.8120	10.0759	14.1877
0.9129	7.1404	-0.9116	10.0757	14.1877
0.9129	7.1330	-1.0148	10.0757	14.1877
0.9129	7.1249	-1.0933	10.0766	14.1877
0.9131	7.1128	-1.0202	10.0767	14.1877
0.9132	7.1012	-1.4161	10.0755	14.1877
0.9132	7.0906	-1.2245	10.0760	14.1877
0.9134	7.0784	-1.0579	10.0756	14.1877
0.9134	7.0691	-0.9561	10.0756	14.1877
0.9135	7.0604	-0.9901	10.0759	14.1877
0.9134	7.0554	-1.4325	10.0755	14.1877
0.9133	7.0462	-1.4520	10.0774	14.1877
0.9130	7.0430	-1.4561	10.0782	14.1877
0.9126	7.0412	-1.2339	10.0782	14.1877
0.9123	7.0398	-1.2580	10.0769	14.1877
0.9120	7.0363	-1.0986	10.0761	14.1877
0.9118	7.0319	-1.2806	10.0755	14.1877
0.9117	7.0249	-1.0231	10.0752	14.1877
0.9117	7.0180	-0.6793	10.0752	14.1877
0.9117	7.0123	-0.5907	10.0751	14.1877
0.9117	7.0075	-0.3292	10.0751	14.2237
0.9117	7.0050	-0.2482	10.0752	14.2237
0.9117	7.0034	-0.2558	10.0753	14.2237
0.9117	7.0020	-0.4818	10.0759	14.2237
0.9116	7.0001	-0.3035	10.0757	14.3984
0.9116	6.9988	-0.2168	10.0758	14.3984
0.9116	6.9979	0.1095	10.0750	14.3984
0.9116	6.9986	0.2502	10.0752	14.3984
0.9116	7.0000	0.7445	10.0753	14.3984
0.9117	7.0038	0.5316	10.0764	14.6057
0.9118	7.0053	0.7788	10.0751	14.6057
0.9118	7.0095	0.9194	10.0750	14.6057
