0.7711	1.1569	0.1203	10.0832	0.0000
0.7711	1.1567	0.0206	10.0881	0.0000
0.7711	1.1566	-0.0675	10.0894	0.0000
0.7711	1.1570	-0.0504	10.0872	0.0000
0.7711	1.1572	-0.2202	10.0885	0.0000
0.7710	1.1582	-0.1972	10.0866	0.0000
0.7709	1.1589	-0.1765	10.0882	0.0000
0.7708	1.1597	-0.7575	10.0893	0.0000
0.7703	1.1634	-0.7524	10.0901	0.0000
0.7699	1.1674	-0.7935	10.0916	0.0000
0.7695	1.1721	-0.5209	10.0896	0.2160
0.7692	1.1748	-0.2894	10.0834	0.2160
0.7690	1.1754	-0.2355	10.0798	0.2160
0.7690	1.1754	-0.2360	10.0797	0.2160
0.7689	1.1754	-0.2972	10.0798	0.2160
0.7688	1.1754	-0.1027	10.0776	0.2160
0.7688	1.1752	-0.0101	10.0801	0.4860
0.7688	1.1752	-0.1569	10.0808	0.4860
0.7687	1.1753	-0.2595	10.0813	0.4860
0.7686	1.1756	-0.3299	10.0793	0.4860
0.7685	1.1755	-0.2939	10.0819	0.4860
0.7684	1.1759	-0.3600	10.0822	0.4860
0.7682	1.1765	-0.3382	10.0795	0.4860
0.7681	1.1766	-0.2572	10.0784	0.4860
0.7681	1.1763	-0.2827	10.0792	0.4860
0.7680	1.1763	-0.3798	10.0789	0.4860
0.7679	1.1762	-0.3575	10.0791	0.4860
0.7677	1.1761	-0.5802	10.0824	0.4860
0.7675	1.1773	-0.5976	10.0834	0.4860
0.7672	1.1788	-0.5726	10.0833	0.4860
0.7670	1.1803	-0.5062	10.0812	0.4860
0.7668	1.1809	-0.5781	10.0816	0.4860
0.7666	1.1819	-0.7771	10.0821	0.4860
0.7662	1.1834	-0.7379	10.0861	0.4860
0.7659	1.1863	-0.7720	10.0896	0.4860
0.7654	1.1907	-0.7641	10.0926	0.4860
0.7650	1.1959	-0.6424	10.0927	0.4860
0.7646	1.2003	-0.7513	10.0902	0.4860
0.7641	1.2047	-0.9160	10.0854	0.4860
0.7637	1.2081	-0.9737	10.0839	0.4860
0.7632	1.2111	-0.8913	10.0811	0.4860
0.7629	1.2124	-0.8131	10.0804	0.4860
0.7626	1.2133	-0.8551	10.0795	0.4860
0.7623	1.2137	-0.8409	10.0810	0.4860
0.7620	1.2149	-0.6132	10.0838	0.4860
0.7617	1.2168	-0.4833	10.0839	0.4860
0.7615	1.2183	-0.5285	10.0813	0.4860
0.7613	1.2192	-0.2887	10.0848	0.4860
0.7611	1.2202	-0.6737	10.0777	0.4860
0.7609	1.2197	-0.8328	10.0753	0.4860
0.7608	1.2170	-0.5804	10.0768	0.4860
0.7606	1.2161	-0.6327	10.0791	0.4860
0.7604	1.2164	-0.4041	10.0801	0.4860
0.7603	1.2168	-0.5542	10.0827	0.4860
0.7600	1.2182	-0.7497	10.0806	0.4860
0.7597	1.2192	-0.6276	10.0817	0.4860
0.7595	1.2205	-0.5803	10.0798	0.4860
0.7593	1.2210	-0.2196	10.0809	0.4860
0.7592	1.2214	-0.0330	10.0810	0.5963
0.7592	1.2214	0.0160	10.0846	0.5963
0.7592	1.2214	-0.0749	10.0853	0.5963
0.7591	1.2217	-0.0616	10.0879	0.5963
0.7591	1.2220	-0.0324	10.0864	0.5963
0.7591	1.2221	-0.0080	10.0874	0.5963
0.7591	1.2222	-0.1413	10.0854	0.5963
0.7590	1.2227	-0.0301	10.0853	0.5963
0.7590	1.2229	0.0357	10.0846	0.5963
0.7590	1.2227	0.0382	10.0843	0.5963
0.7590	1.2226	0.3407	10.0814	0.5963
0.7592	1.2219	0.3789	10.0828	0.5963
0.7593	1.2209	0.3734	10.0826	0.5963
0.7595	1.2199	0.4176	10.0828	0.5963
0.7597	1.2187	0.4966	10.0852	0.5963
0.7599	1.2167	0.4980	10.0823	0.5963
0.7602	1.2154	0.4967	10.0820	0.5963
0.7604	1.2143	0.2606	10.0837	0.5963
0.7605	1.2134	0.3356	10.0839	0.5963
0.7606	1.2123	0.4981	10.0837	0.5963
0.7609	1.2106	0.4365	10.0857	0.5963
0.7611	1.2088	0.4287	10.0872	0.5963
0.7613	1.2066	0.3969	10.0877	0.5963
0.7615	1.2046	0.2326	10.0909	0.5963
0.7617	1.2031	0.0591	10.0897	0.8298
0.7617	1.2027	0.0995	10.0911	0.8298
0.7618	1.2021	0.0658	10.0913	0.8298
0.7618	1.2016	0.0880	10.0908	0.8298
0.7619	1.2011	-0.0399	10.0929	0.8298
0.7618	1.2014	-0.1000	10.0906	0.8298
0.7618	1.2020	-0.0182	10.0895	0.8298
0.7618	1.2021	-0.0023	10.0912	0.8298
0.7618	1.2021	0.1577	10.0886	0.8298
0.7619	1.2012	0.1768	10.0880	0.8298
0.7619	1.2003	-0.0362	10.0869	0.8298
0.7619	1.2005	-0.0940	10.0874	0.8298
0.7619	1.2009	-0.1817	10.0860	0.8298
0.7618	1.2018	-0.2626	10.0838	0.8298
0.7617	1.2026	-0.2875	10.0855	0.8298
0.7615	1.2038	-0.5568	10.0894	0.8298
0.7612	1.2071	-0.4279	10.0930	0.9538
0.7609	1.2102	-0.3978	10.0916	0.9538
0.7607	1.2129	-0.5862	10.0908	0.9538
0.7603	1.2166	-0.7215	10.0836	0.9538
0.7600	1.2190	-0.5939	10.0844	0.9538
0.7597	1.2212	-0.7599	10.0789	0.9538
0.7595	1.2215	-0.5788	10.0787	0.9538
0.7593	1.2218	-0.4624	10.0813	0.9538
0.7591	1.2227	-0.3420	10.0798	0.9538
0.7590	1.2231	-0.3276	10.0805	0.9538
0.7589	1.2236	-0.2202	10.0806	1.0928
0.7588	1.2239	-0.1630	10.0852	1.0928
0.7587	1.2246	-0.2061	10.0875	1.0928
0.7586	1.2256	0.0236	10.0840	1.0928
0.7586	1.2255	0.1779	10.0819	1.0928
0.7587	1.2251	0.4116	10.0817	1.0928
0.7588	1.2242	0.2688	10.0863	1.2321
0.7590	1.2230	0.0797	10.0855	1.2321
0.7590	1.2227	0.1783	10.0863	1.2321
0.7591	1.2219	0.2547	10.0857	1.2321
0.7592	1.2208	0.4038	10.0819	1.2321
0.7594	1.2199	0.3535	10.0838	1.2321
0.7596	1.2187	0.4365	10.0828	1.2321
0.7597	1.2175	0.5125	10.0810	1.2321
0.7599	1.2165	0.4631	10.0833	1.2321
0.7602	1.2151	0.2037	10.0816	1.4145
0.7602	1.2147	0.3041	10.0820	1.4145
0.7604	1.2140	0.1580	10.0829	1.4145
0.7604	1.2135	0.1563	10.0833	1.4145
0.7605	1.2131	0.0417	10.0838	1.6717
0.7605	1.2129	0.1113	10.0862	1.6717
0.7606	1.2124	0.1334	10.0880	1.6717
0.7606	1.2117	0.0592	10.0861	1.6717
0.7607	1.2115	-0.0309	10.0856	1.6717
0.7607	1.2116	0.0206	10.0844	1.6717
0.7607	1.2115	0.2057	10.0841	1.6717
0.7608	1.2108	0.0224	10.0833	1.6717
0.7608	1.2108	-0.3582	10.0836	1.6717
0.7606	1.2119	-0.4096	10.0830	1.6717
0.7604	1.2130	-0.2102	10.0821	1.6717
0.7604	1.2135	-0.3113	10.0823	1.6717
0.7602	1.2143	-0.3059	10.0801	1.6717
0.7601	1.2147	-0.2106	10.0799	1.6717
0.7600	1.2149	-0.2626	10.0789	1.6717
0.7600	1.2150	0.0763	10.0813	2.0896
0.7600	1.2148	0.1541	10.0825	2.0896
0.7600	1.2144	-0.0276	10.0829	2.0896
0.7600	1.2145	0.0467	10.0816	2.0896
0.7601	1.2144	0.3283	10.0784	2.0896
0.7602	1.2144	0.3453	10.0786	2.0896
0.7603	1.2144	0.0577	10.0821	2.3548
0.7603	1.2143	-0.3047	10.0817	2.3548
0.7602	1.2149	-0.3383	10.0825	2.3548
0.7600	1.2157	-0.5359	10.0828	2.3548
0.7598	1.2172	-0.7566	10.0878	2.3548
0.7594	1.2210	-0.5300	10.0877	2.3548
0.7591	1.2236	-0.2974	10.0871	2.3548
0.7590	1.2250	-0.0369	10.0865	2.5990
0.7589	1.2252	-0.1318	10.0867	2.5990
0.7589	1.2258	-0.0627	10.0861	2.5990
0.7588	1.2260	-0.5236	10.0876	2.5990
0.7586	1.2286	-0.3749	10.0886	2.7431
0.7584	1.2306	-0.4326	10.0899	2.7431
0.7581	1.2332	-0.4570	10.0908	2.7431
0.7579	1.2360	-0.4632	10.0911	2.7431
0.7576	1.2389	-0.3887	10.0946	2.7431
0.7573	1.2419	-0.4841	10.0972	2.7431
0.7570	1.2460	-0.4900	10.0981	2.7431
0.7567	1.2503	-0.4807	10.0987	2.7431
0.7563	1.2546	-0.4845	10.1008	2.7431
0.7560	1.2592	-0.4337	10.0927	2.7431
0.7557	1.2622	-0.5319	10.0920	2.7431
0.7554	1.2657	-0.7824	10.0925	2.7431
0.7550	1.2710	-0.7020	10.0906	2.7431
0.7546	1.2753	-0.6013	10.0922	2.7431
0.7542	1.2792	-0.9346	10.0889	2.7431
0.7537	1.2842	-0.8386	10.0878	2.7431
0.7533	1.2883	-0.8758	10.0863	2.7431
0.7528	1.2919	-0.7783	10.0863	2.7431
0.7525	1.2951	-0.6540	10.0857	2.7431
0.7521	1.2977	-0.6013	10.0871	2.7431
0.7518	1.3004	-0.7311	10.0869	2.7431
0.7515	1.3036	-0.4775	10.0884	2.7431
0.7512	1.3060	-0.5438	10.0933	2.7431
0.7509	1.3098	-0.4890	10.0956	2.7431
0.7506	1.3136	-0.5568	10.0948	2.7431
0.7502	1.3178	-0.1791	10.0923	2.8667
0.7501	1.3189	-0.1674	10.0927	2.8667
0.7500	1.3201	-0.1334	10.0956	2.8667
0.7499	1.3211	-0.0496	10.0956	2.8667
0.7499	1.3215	-0.2367	10.0971	2.8667
0.7498	1.3234	-0.3069	10.0973	2.8667
0.7496	1.3260	-0.1466	10.0915	2.8667
0.7495	1.3269	0.0122	10.0904	2.8667
0.7495	1.3268	-0.1453	10.0927	2.8667
0.7494	1.3278	-0.1965	10.0925	2.8667
0.7493	1.3291	-0.3944	10.0984	2.8667
0.7490	1.3324	-0.5003	10.1016	2.8667
0.7487	1.3372	-0.5628	10.1003	2.8667
0.7483	1.3424	-0.3401	10.0972	2.8667
0.7480	1.3452	-0.3198	10.0939	2.8667
0.7479	1.3474	-0.4340	10.0958	2.8667
0.7476	1.3507	-0.2601	10.0947	2.8667
0.7474	1.3526	-0.0899	10.0954	3.1441
0.7474	1.3532	-0.1438	10.0965	3.1441
0.7473	1.3544	-0.2005	10.0939	3.1441
0.7472	1.3558	-0.1888	10.0928	3.1441
0.7470	1.3570	-0.1518	10.0939	3.1441
0.7470	1.3580	-0.1823	10.0961	3.1441
0.7468	1.3594	-0.1146	10.0999	3.1441
0.7468	1.3605	-0.0707	10.1009	3.1441
0.7467	1.3611	-0.1172	10.1020	3.1441
0.7466	1.3622	0.1392	10.1026	3.1441
0.7467	1.3609	0.1303	10.1024	3.1441
0.7468	1.3596	0.1338	10.1013	3.1441
0.7469	1.3584	0.1851	10.1018	3.1441
0.7470	1.3566	0.3353	10.0995	3.1441
0.7473	1.3538	0.3918	10.0982	3.1441
0.7475	1.3505	0.3820	10.0933	3.1441
0.7477	1.3481	0.3959	10.0926	3.1441
0.7480	1.3456	0.6413	10.0875	3.1441
0.7483	1.3430	0.7435	10.0893	3.1441
0.7486	1.3394	0.6367	10.0873	3.1441
0.7489	1.3369	0.5413	10.0888	3.1441
0.7492	1.3344	0.4466	10.0891	3.1441
0.7494	1.3322	0.5701	10.0886	3.1441
0.7497	1.3297	0.6625	10.0854	3.1441
0.7500	1.3277	0.6569	10.0854	3.1441
0.7503	1.3257	0.8189	10.0856	3.1441
0.7507	1.3232	0.7843	10.0868	3.1441
0.7510	1.3203	0.8829	10.0838	3.1441
0.7514	1.3184	1.1574	10.0886	3.1441
0.7519	1.3133	0.9322	10.0887	3.1441
0.7524	1.3092	1.0843	10.0871	3.1441
0.7529	1.3051	1.1903	10.0862	3.1441
0.7534	1.3012	1.0961	10.0836	3.1441
0.7539	1.2991	0.8464	10.0849	3.1441
0.7542	1.2969	0.6839	10.0858	3.1441
0.7545	1.2948	0.8582	10.0854	3.1441
0.7549	1.2924	0.7830	10.0862	3.1441
0.7552	1.2899	0.9378	10.0881	3.1441
0.7557	1.2861	1.0309	10.0901	3.1441
0.7562	1.2810	1.1727	10.0884	3.1441
0.7568	1.2761	0.9924	10.0884	3.1441
0.7572	1.2720	0.9894	10.0874	3.1441
0.7577	1.2683	0.8451	10.0883	3.1441
0.7581	1.2648	0.8911	10.0872	3.1441
0.7585	1.2616	0.7472	10.0885	3.1441
0.7589	1.2585	0.6610	10.0881	3.1441
0.7592	1.2559	0.5606	10.0903	3.1441
0.7595	1.2532	0.7384	10.0899	3.1441
0.7598	1.2497	0.6870	10.0896	3.1441
0.7602	1.2465	0.8945	10.0862	3.1441
0.7606	1.2438	0.7583	10.0894	3.1441
0.7609	1.2405	0.6266	10.0871	3.1441
0.7612	1.2383	0.6372	10.0844	3.1441
0.7615	1.2370	0.7400	10.0858	3.1441
0.7618	1.2350	0.8546	10.0851	3.1441
0.7621	1.2330	0.9045	10.0871	3.1441
0.7625	1.2299	0.9696	10.0868	3.1441
0.7630	1.2268	0.9725	10.0844	3.1441
0.7633	1.2249	1.1681	10.0823	3.1441
0.7637	1.2240	1.1804	10.0827	3.1441
0.7641	1.2229	1.4213	10.0824	3.1441
0.7646	1.2218	1.3896	10.0824	3.1441
0.7651	1.2207	0.9471	10.0818	3.1441
0.7654	1.2203	1.0244	10.0799	3.1441
0.7657	1.2213	0.7487	10.0830	3.1441
0.7660	1.2205	0.5796	10.0832	3.1441
0.7662	1.2198	0.4504	10.0819	3.1441
0.7663	1.2197	0.4528	10.0836	3.1441
0.7665	1.2191	0.5877	10.0821	3.1441
0.7667	1.2188	0.5136	10.0818	3.1441
0.7668	1.2187	0.4600	10.0836	3.1441
0.7670	1.2180	0.5892	10.0834	3.1441
0.7672	1.2173	0.4386	10.0800	3.1441
0.7673	1.2178	0.4775	10.0801	3.1441
0.7675	1.2183	0.3030	10.0831	3.1441
0.7676	1.2180	0.3453	10.0842	3.1441
0.7677	1.2174	0.3732	10.0839	3.1441
0.7678	1.2169	0.3847	10.0840	3.1441
0.7680	1.2163	0.3883	10.0833	3.1441
0.7681	1.2159	0.1913	10.0838	3.1441
0.7682	1.2156	0.1489	10.0831	3.1441
0.7682	1.2155	0.1775	10.0823	3.1441
0.7683	1.2154	-0.0099	10.0836	3.0705
0.7683	1.2154	0.2679	10.0835	3.0705
0.7684	1.2151	0.2680	10.0836	3.0705
0.7685	1.2148	-0.0819	10.0847	3.0705
0.7684	1.2149	0.1571	10.0824	3.0705
0.7685	1.2149	0.1635	10.0833	3.0705
0.7686	1.2147	-0.0192	10.0848	3.0705
0.7686	1.2148	-0.0928	10.0854	3.0705
0.7685	1.2150	0.2473	10.0868	3.0705
0.7686	1.2143	0.7088	10.0841	3.0705
0.7689	1.2133	0.6098	10.0834	3.1637
0.7691	1.2127	0.5279	10.0851	3.1637
0.7693	1.2117	0.5419	10.0857	3.1637
0.7695	1.2105	0.0751	10.0819	3.6076
0.7695	1.2105	-0.0432	10.0812	3.6076
0.7695	1.2105	-0.2083	10.0830	3.6076
0.7695	1.2106	-0.1335	10.0837	3.6076
0.7694	1.2107	-0.1663	10.0842	3.6076
0.7693	1.2110	-0.3195	10.0850	3.6076
0.7692	1.2115	-0.1976	10.0887	3.6076
0.7691	1.2123	-0.0174	10.0870	3.9053
0.7691	1.2123	-0.1142	10.0867	3.9053
0.7691	1.2126	-0.3516	10.0883	3.9053
0.7689	1.2138	-0.1101	10.0867	4.1437
0.7689	1.2141	-0.2246	10.0857	4.1437
0.7688	1.2146	-0.3073	10.0866	4.1437
0.7687	1.2154	-0.3622	10.0878	4.1437
0.7685	1.2165	-0.2937	10.0876	4.1437
0.7684	1.2174	-0.5162	10.0914	4.1437
0.7681	1.2199	-0.3123	10.0918	4.1437
0.7679	1.2214	-0.1184	10.0940	4.1437
0.7679	1.2221	-0.1051	10.0926	4.1437
0.7678	1.2226	-0.1186	10.0937	4.1437
0.7678	1.2233	0.0905	10.0964	4.5218
0.7678	1.2227	0.0959	10.0971	4.5218
0.7679	1.2220	-0.1789	10.0962	4.5218
0.7678	1.2232	-0.1826	10.0963	4.5218
0.7677	1.2244	-0.0329	10.0976	4.5218
0.7676	1.2246	0.1767	10.0979	4.5218
0.7678	1.2234	0.2162	10.0953	4.5218
0.7679	1.2220	-0.0257	10.0967	4.5218
0.7679	1.2222	0.0546	10.0965	4.5218
0.7679	1.2218	0.1878	10.0956	4.5218
0.7680	1.2207	0.0623	10.0962	4.5218
0.7680	1.2203	-0.0185	10.0946	4.5218
0.7680	1.2204	0.0017	10.0945	4.5218
0.7680	1.2204	0.0747	10.0941	4.5218
0.7681	1.2200	0.0047	10.0935	4.5218
0.7681	1.2199	0.0599	10.0919	4.5218
0.7681	1.2196	0.0912	10.0882	4.5218
0.7681	1.2194	0.1197	10.0885	4.5218
0.7682	1.2190	0.1495	10.0893	4.5218
0.7683	1.2184	0.1573	10.0885	4.5218
0.7683	1.2179	0.5123	10.0903	4.5218
0.7686	1.2159	0.3637	10.0885	4.6659
0.7687	1.2148	0.4321	10.0889	4.6659
0.7689	1.2133	0.3775	10.0892	4.6659
0.7691	1.2120	0.4450	10.0900	4.6659
0.7693	1.2103	0.1926	10.0917	4.8942
0.7694	1.2095	0.1046	10.0922	4.8942
0.7694	1.2090	0.1621	10.0929	4.8942
0.7695	1.2082	0.1876	10.0918	4.8942
0.7696	1.2073	0.0028	10.0921	4.8942
0.7696	1.2073	-0.0149	10.0908	4.8942
0.7696	1.2074	-0.0064	10.0942	4.8942
0.7696	1.2074	-0.0211	10.0968	4.8942
0.7696	1.2075	0.0085	10.0942	4.8942
0.7696	1.2075	-0.1579	10.0977	4.8942
0.7695	1.2085	-0.1572	10.0996	4.8942
0.7694	1.2097	-0.1587	10.0982	4.8942
0.7693	1.2108	-0.1110	10.1004	4.8942
0.7693	1.2116	0.0247	10.1005	4.8942
0.7693	1.2114	-0.1579	10.1002	4.8942
0.7692	1.2126	-0.2409	10.1014	4.8942
0.7690	1.2145	-0.3008	10.1011	4.8942
0.7688	1.2168	-0.2909	10.0996	4.8942
0.7687	1.2189	-0.2533	10.1013	4.8942
0.7685	1.2209	-0.3392	10.1018	4.8942
0.7683	1.2236	-0.8234	10.1033	4.8942
0.7678	1.2305	-0.6396	10.1029	4.8942
0.7673	1.2358	-0.7261	10.1030	4.8942
0.7669	1.2418	-0.8657	10.1024	4.8942
0.7663	1.2488	-0.9522	10.1025	4.8942
0.7657	1.2564	-1.0668	10.1037	4.8942
0.7650	1.2654	-0.9658	10.1035	4.8942
0.7644	1.2735	-0.8712	10.1035	4.8942
0.7639	1.2807	-1.0540	10.1048	4.8942
0.7632	1.2899	-1.1859	10.1050	4.8942
0.7624	1.3003	-1.1821	10.1032	4.8942
0.7616	1.3100	-1.1396	10.1025	4.8942
0.7609	1.3191	-1.1256	10.1024	4.8942
0.7602	1.3280	-1.0483	10.1041	4.8942
0.7596	1.3368	-1.1066	10.1061	4.8942
0.7588	1.3468	-0.8591	10.1046	4.8942
0.7583	1.3541	-0.5809	10.1054	4.8942
0.7579	1.3592	-0.4766	10.1040	4.8942
0.7576	1.3631	-0.3841	10.1036	4.8942
0.7573	1.3663	-0.4710	10.1050	4.8942
0.7570	1.3703	-0.4640	10.1054	4.8942
0.7567	1.3743	-0.2851	10.1022	4.8942
0.7566	1.3765	-0.3693	10.1012	4.8942
0.7563	1.3792	-0.3431	10.1011	4.8942
0.7561	1.3817	-0.4077	10.0973	4.8942
0.7559	1.3841	-0.3509	10.0964	4.8942
0.7557	1.3861	-0.3736	10.0983	4.8942
0.7555	1.3885	-0.4779	10.0992	4.8942
0.7552	1.3916	-0.4351	10.0976	4.8942
0.7550	1.3942	-0.3964	10.0986	4.8942
0.7548	1.3967	-0.2829	10.0994	4.8942
0.7546	1.3986	-0.5157	10.1009	4.8942
0.7543	1.4022	-0.5865	10.1034	4.8942
0.7540	1.4068	-0.5753	10.1024	4.8942
0.7536	1.4112	-0.4098	10.1032	4.8942
0.7534	1.4143	-0.4008	10.1038	4.8942
0.7531	1.4175	-0.3289	10.1025	4.8942
0.7529	1.4200	-0.3952	10.1009	4.8942
0.7527	1.4227	-0.5082	10.0986	4.8942
0.7524	1.4259	-0.4905	10.0972	4.8942
0.7522	1.4286	-0.4260	10.0984	4.8942
0.7519	1.4312	-0.6444	10.0987	4.8942
0.7516	1.4352	-0.5806	10.0984	4.8942
0.7512	1.4387	-0.5402	10.0999	4.8942
0.7509	1.4422	-0.5725	10.1022	4.8942
0.7506	1.4464	-0.5917	10.1022	4.8942
0.7503	1.4506	-0.4982	10.0992	4.8942
0.7500	1.4538	-0.2958	10.0981	4.8942
0.7498	1.4555	-0.2654	10.0958	4.8942
0.7497	1.4568	-0.3829	10.0965	4.8942
0.7495	1.4588	-0.6215	10.1011	4.8942
0.7491	1.4630	-0.6454	10.0992	4.8942
0.7488	1.4670	-0.6192	10.0982	4.8942
0.7485	1.4705	-0.5085	10.0958	4.8942
0.7482	1.4730	-0.6110	10.0971	4.8942
0.7479	1.4763	-0.6099	10.0980	4.8942
0.7476	1.4797	-0.5689	10.0981	4.8942
0.7473	1.4830	-0.4733	10.0985	4.8942
0.7470	1.4857	-0.1884	10.0992	4.8942
0.7469	1.4868	-0.1793	10.0981	4.8942
0.7468	1.4878	-0.0057	10.0961	4.8659
0.7468	1.4878	0.0125	10.0980	4.8659
0.7468	1.4878	-0.2889	10.0939	4.8659
0.7467	1.4889	-0.3758	10.0950	4.8659
0.7465	1.4906	-0.3915	10.0973	4.8659
0.7463	1.4926	-0.2926	10.0974	4.8659
0.7462	1.4941	-0.3570	10.0983	4.8659
0.7460	1.4961	-0.3230	10.0995	4.8659
0.7458	1.4980	-0.3988	10.1020	4.8659
0.7456	1.5008	-0.4297	10.1021	4.8659
0.7453	1.5037	-0.4766	10.1052	4.8659
0.7450	1.5074	-0.4036	10.1063	4.8659
0.7448	1.5106	-0.4657	10.1088	4.8659
0.7445	1.5147	-0.4026	10.1100	4.8659
0.7442	1.5184	-0.4538	10.1084	4.8659
0.7439	1.5223	-0.3594	10.1071	4.8659
0.7437	1.5253	-0.3325	10.1033	4.8659
0.7435	1.5276	-0.3006	10.1049	4.8659
0.7433	1.5299	-0.2419	10.1059	4.8659
0.7432	1.5318	-0.5385	10.1072	4.8659
0.7429	1.5362	-0.4548	10.1079	4.8659
0.7426	1.5400	-0.3780	10.1068	4.8659
0.7423	1.5430	-0.2572	10.1054	4.8659
0.7422	1.5449	-0.3135	10.1067	4.8659
0.7420	1.5474	-0.3122	10.1074	4.8659
0.7418	1.5500	-0.2356	10.1083	4.8659
0.7417	1.5519	-0.1399	10.1053	5.0127
0.7416	1.5530	0.0725	10.1066	5.0127
0.7416	1.5524	0.1094	10.1031	5.0127
0.7417	1.5517	0.0592	10.1009	5.0127
0.7417	1.5513	0.0564	10.1011	5.0127
0.7417	1.5510	0.2400	10.0999	5.0127
0.7419	1.5496	0.4860	10.0922	5.0127
0.7421	1.5484	0.2926	10.0865	5.2018
0.7421	1.5486	0.4210	10.0873	5.2018
0.7423	1.5486	0.0933	10.0861	5.5259
0.7423	1.5487	-0.0625	10.0832	5.5259
0.7423	1.5485	0.1809	10.0835	5.5259
0.7423	1.5490	0.2770	10.0850	5.5259
0.7424	1.5495	0.3899	10.0852	5.5259
0.7425	1.5501	0.4970	10.0874	5.5259
0.7426	1.5502	0.5290	10.0886	5.5259
0.7428	1.5499	0.4309	10.0878	5.5259
0.7429	1.5499	0.4786	10.0869	5.5259
0.7431	1.5501	0.3848	10.0872	5.5259
0.7432	1.5503	0.6060	10.0869	5.5259
0.7434	1.5506	0.5132	10.0892	5.5259
0.7435	1.5502	0.6546	10.0902	5.5259
0.7438	1.5494	0.4796	10.0884	5.5259
0.7439	1.5493	0.5971	10.0853	5.5259
0.7441	1.5503	0.5759	10.0846	5.5259
0.7442	1.5517	0.7379	10.0841	5.5259
0.7443	1.5538	0.7722	10.0844	5.5259
0.7445	1.5557	0.8117	10.0853	5.5259
0.7447	1.5572	0.7367	10.0849	5.5259
0.7449	1.5589	0.6786	10.0854	5.5259
0.7450	1.5601	0.8743	10.0869	5.5259
0.7453	1.5608	0.8716	10.0869	5.5259
0.7455	1.5615	0.7356	10.0857	5.5259
0.7457	1.5627	0.7622	10.0862	5.5259
0.7459	1.5637	0.6176	10.0855	5.5259
0.7460	1.5649	0.5622	10.0853	5.5259
0.7462	1.5660	0.5043	10.0846	5.5259
0.7463	1.5673	0.3454	10.0851	5.5259
0.7464	1.5681	0.2590	10.0873	5.5270
0.7464	1.5682	0.0948	10.0846	5.5270
0.7464	1.5685	0.0056	10.0836	5.5270
0.7465	1.5685	0.2537	10.0843	5.5270
0.7465	1.5693	-0.0291	10.0836	5.5270
0.7465	1.5692	0.0558	10.0833	5.5270
0.7465	1.5694	-0.1230	10.0853	5.5270
0.7465	1.5691	-0.2109	10.0837	5.5270
0.7464	1.5683	-0.0860	10.0844	5.5270
0.7464	1.5681	-0.0025	10.0848	5.5270
0.7464	1.5681	-0.2586	10.0866	5.5270
0.7464	1.5678	-0.2825	10.0852	5.5270
0.7463	1.5671	-0.1719	10.0861	5.5270
0.7462	1.5668	0.0206	10.0877	5.5270
0.7463	1.5669	-0.1594	10.0880	5.5270
0.7462	1.5668	-0.0880	10.0880	5.5270
0.7462	1.5668	-0.0425	10.0876	5.5270
0.7462	1.5667	-0.0317	10.0884	5.5270
0.7462	1.5667	-0.1282	10.0895	5.5270
0.7461	1.5668	-0.1015	10.0905	5.5270
0.7461	1.5669	-0.1765	10.0890	5.5270
0.7460	1.5669	-0.3154	10.0882	5.5270
0.7459	1.5668	-0.2281	10.0877	5.5270
0.7459	1.5667	-0.1813	10.0873	5.5270
0.7458	1.5665	-0.2347	10.0875	5.5270
0.7457	1.5663	-0.2643	10.0886	5.5270
0.7457	1.5663	-0.2215	10.0894	5.5270
0.7456	1.5664	-0.3499	10.0889	5.5270
0.7455	1.5664	-0.2368	10.0889	5.5270
0.7454	1.5664	-0.0149	10.0887	5.8097
0.7454	1.5664	0.1803	10.0888	5.8097
0.7455	1.5664	0.0596	10.0901	5.8097
0.7455	1.5664	-0.1205	10.0907	5.8097
0.7454	1.5665	-0.1971	10.0905	5.8097
0.7454	1.5667	-0.3189	10.0927	5.8097
0.7452	1.5673	-0.3292	10.0959	5.8097
0.7451	1.5685	-0.3412	10.0956	5.8097
0.7449	1.5696	-0.4071	10.0970	5.8097
0.7448	1.5711	-0.6087	10.0960	5.8097
0.7445	1.5732	-0.5046	10.0973	5.8097
0.7443	1.5752	-0.5367	10.0981	5.8097
0.7440	1.5775	-0.5576	10.0963	5.8097
0.7437	1.5795	-0.4631	10.0988	5.8097
0.7435	1.5815	-0.5070	10.0973	5.8097
0.7433	1.5835	-0.5553	10.0964	5.8097
0.7430	1.5855	-0.3713	10.0945	5.8097
0.7429	1.5865	-0.3519	10.0928	5.8097
0.7427	1.5872	-0.3392	10.0897	5.8097
0.7426	1.5873	-0.2473	10.0936	5.8097
0.7425	1.5879	-0.3584	10.0926	5.8097
0.7424	1.5886	-0.1754	10.0923	5.8097
0.7423	1.5889	0.3522	10.0887	6.4175
0.7424	1.5890	-0.2112	10.0930	6.9777
0.7424	1.5894	0.0068	10.0941	6.9777
0.7424	1.5894	-0.1584	10.0939	6.9777
0.7423	1.5898	-0.2635	10.0950	6.9777
0.7422	1.5905	-0.1336	10.0948	6.9777
0.7421	1.5909	-0.4100	10.0945	6.9777
0.7420	1.5920	-0.4659	10.0948	6.9777
0.7418	1.5933	-0.6122	10.0941	6.9777
0.7415	1.5949	-0.3862	10.0920	6.9777
0.7414	1.5954	-0.2817	10.0929	6.9777
0.7413	1.5960	-0.4740	10.0889	6.9777
0.7411	1.5959	-0.3684	10.0900	6.9777
0.7410	1.5960	-0.1517	10.0888	7.2091
0.7409	1.5960	-0.0304	10.0906	7.2091
0.7409	1.5960	-0.0975	10.0874	7.2091
0.7409	1.5959	-0.0922	10.0886	7.2091
0.7409	1.5959	-0.1210	10.0873	7.2091
0.7409	1.5957	0.0615	10.0882	7.2091
0.7409	1.5958	-0.1080	10.0907	7.2091
0.7408	1.5959	-0.2959	10.0897	7.2091
0.7407	1.5959	-0.2325	10.0902	7.2091
0.7407	1.5960	-0.0423	10.0907	7.2091
0.7406	1.5961	0.0681	10.0927	7.2091
0.7407	1.5960	0.1464	10.0939	7.2091
0.7407	1.5956	-0.1257	10.0954	7.2091
0.7407	1.5960	-0.3882	10.0921	7.2091
0.7405	1.5966	-0.2065	10.0948	7.3873
0.7404	1.5971	-0.2919	10.0949	7.3873
0.7403	1.5979	-0.3800	10.0941	7.3873
0.7402	1.5988	-0.4220	10.0936	7.3873
0.7400	1.5997	-0.2511	10.0932	7.3873
0.7399	1.6002	-0.3418	10.0928	7.3873
0.7398	1.6008	-0.1404	10.0933	7.6139
0.7397	1.6011	-0.2704	10.0924	7.6139
0.7396	1.6015	-0.0771	10.0930	7.6139
0.7396	1.6016	-0.1986	10.0950	7.6139
0.7395	1.6022	-0.4342	10.0951	7.6139
0.7393	1.6034	-0.2335	10.0943	7.8105
0.7392	1.6039	-0.2735	10.0945	7.8105
0.7391	1.6046	-0.2745	10.0956	7.8105
0.7390	1.6054	-0.3880	10.0947	7.8105
0.7388	1.6064	-0.5208	10.0954	7.8105
0.7386	1.6079	-0.4854	10.0957	7.8105
0.7384	1.6094	-0.5647	10.0966	7.8105
0.7382	1.6112	-0.1349	10.0926	8.0453
0.7381	1.6115	-0.1023	10.0935	8.0453
0.7381	1.6117	-0.2547	10.0946	8.0453
0.7380	1.6123	-0.3714	10.0919	8.0453
0.7378	1.6127	-0.4242	10.0912	8.0453
0.7377	1.6131	-0.5517	10.0934	8.0453
0.7375	1.6141	-0.1931	10.0897	8.2114
0.7374	1.6141	0.0075	10.0904	8.2114
0.7374	1.6141	0.0372	10.0932	8.2114
0.7374	1.6141	0.0569	10.0932	8.2114
0.7375	1.6140	-0.1020	10.0926	8.2114
0.7374	1.6141	-0.3159	10.0942	8.2114
0.7373	1.6148	-0.5587	10.0923	8.2114
0.7371	1.6156	-0.4641	10.0934	8.2114
0.7369	1.6164	-0.4830	10.0961	8.2114
0.7367	1.6179	-0.4147	10.0952	8.2114
0.7365	1.6190	-0.2645	10.0960	8.2114
0.7364	1.6198	-0.3915	10.0947	8.2114
0.7363	1.6207	-0.3354	10.0918	8.2114
0.7362	1.6211	-0.2364	10.0888	8.2114
0.7361	1.6209	-0.3949	10.0886	8.2114
0.7360	1.6206	-0.6067	10.0885	8.2114
0.7358	1.6200	-0.8804	10.0879	8.2114
0.7356	1.6189	-0.7007	10.0878	8.2114
0.7354	1.6180	-0.7669	10.0888	8.2114
0.7352	1.6174	-0.6358	10.0896	8.2114
0.7350	1.6173	-0.6081	10.0894	8.2114
0.7348	1.6171	-0.5812	10.0890	8.2114
0.7346	1.6167	-0.6196	10.0896	8.2114
0.7344	1.6166	-0.6458	10.0921	8.2114
0.7342	1.6173	-0.5840	10.0925	8.2114
0.7340	1.6181	-0.5487	10.0937	8.2114
0.7338	1.6191	-0.6356	10.0939	8.2114
0.7335	1.6204	-0.6317	10.0929	8.2114
0.7333	1.6213	-0.4979	10.0920	8.2114
0.7331	1.6219	-0.4427	10.0912	8.2114
0.7330	1.6221	-0.5900	10.0917	8.2114
0.7328	1.6227	-0.5920	10.0918	8.2114
0.7326	1.6232	-0.8657	10.0943	8.2114
0.7322	1.6251	-0.9418	10.0925	8.2114
0.7319	1.6263	-1.1145	10.0930	8.2114
0.7315	1.6279	-1.0413	10.0912	8.2114
0.7311	1.6285	-0.9976	10.0901	8.2114
0.7308	1.6285	-1.0656	10.0895	8.2114
0.7305	1.6281	-1.0997	10.0892	8.2114
0.7302	1.6274	-0.8974	10.0851	8.2114
0.7300	1.6240	-0.9497	10.0841	8.2114
0.7299	1.6192	-0.9340	10.0845	8.2114
0.7298	1.6150	-0.8934	10.0845	8.2114
0.7297	1.6110	-0.8724	10.0861	8.2114
0.7295	1.6085	-0.7764	10.0854	8.2114
0.7293	1.6057	-0.6608	10.0841	8.2114
0.7293	1.6024	-0.5209	10.0844	8.2114
0.7292	1.6000	-0.6801	10.0843	8.2114
0.7291	1.5968	-0.7340	10.0838	8.2114
0.7290	1.5927	-0.7923	10.0831	8.2114
0.7290	1.5867	-0.7131	10.0831	8.2114
0.7290	1.5814	-0.7643	10.0831	8.2114
0.7290	1.5754	-0.5820	10.0831	8.2114
0.7290	1.5703	-0.3342	10.0831	8.2114
0.7290	1.5678	-0.2927	10.0833	8.2114
0.7289	1.5659	-0.1644	10.0838	8.2114
0.7289	1.5649	-0.1766	10.0837	8.2114
0.7289	1.5639	-0.2045	10.0841	8.2114
0.7289	1.5629	-0.0538	10.0843	8.1921
0.7289	1.5626	0.1128	10.0848	8.1921
0.7289	1.5631	0.1293	10.0844	8.1921
0.7289	1.5637	0.1159	10.0839	8.1921
0.7289	1.5643	0.1717	10.0834	8.1921
0.7289	1.5654	0.1622	10.0834	8.1921
0.7290	1.5664	-0.1375	10.0835	8.1921
0.7289	1.5656	-0.0711	10.0838	8.1921
0.7289	1.5652	-0.0443	10.0839	8.1921
0.7289	1.5650	-0.2981	10.0835	8.1921
0.7289	1.5632	-0.2337	10.0830	8.1921
0.7289	1.5613	-0.2819	10.0835	8.1921
0.7289	1.5596	-0.0471	10.0830	8.4364
0.7289	1.5593	0.0375	10.0833	8.4364
0.7289	1.5595	0.1802	10.0830	8.4364
0.7289	1.5608	0.1780	10.0837	8.4364
0.7289	1.5618	0.0474	10.0838	8.4364
0.7289	1.5620	-0.1803	10.0839	8.4364
0.7289	1.5611	-0.0156	10.0846	8.4364
0.7289	1.5610	-0.2429	10.0835	8.4364
0.7289	1.5596	-0.0364	10.0829	8.4364
0.7289	1.5593	-0.0541	10.0828	8.4364
0.7289	1.5589	-0.1341	10.0828	8.4364
0.7289	1.5577	0.0999	10.0829	8.4364
0.7289	1.5586	0.0950	10.0828	8.4364
0.7289	1.5594	0.1206	10.0827	8.4364
0.7289	1.5604	-0.0117	10.0828	8.4364
0.7289	1.5603	0.3601	10.0836	8.4364
0.7288	1.5643	-0.0841	10.0846	8.8776
0.7288	1.5632	-0.0920	10.0856	8.8776
0.7289	1.5620	-0.1336	10.0864	8.8776
0.7289	1.5601	-0.2080	10.0889	8.8776
0.7290	1.5568	0.0244	10.0908	8.8776
0.7289	1.5572	0.1293	10.0864	8.8776
0.7289	1.5590	0.2684	10.0868	8.8776
0.7288	1.5629	0.3041	10.0859	8.8776
0.7288	1.5671	0.2213	10.0853	8.8776
0.7287	1.5700	-0.0909	10.0844	9.2681
0.7288	1.5689	-0.1208	10.0848	9.2681
0.7288	1.5674	0.0984	10.0829	9.2681
0.7288	1.5684	-0.0392	10.0825	9.2681
0.7288	1.5680	-0.0857	10.0823	9.2681
0.7288	1.5673	-0.1475	10.0826	9.2681
0.7288	1.5663	-0.1364	10.0827	9.2681
0.7287	1.5655	-0.0989	10.0826	9.2681
0.7287	1.5649	-0.2509	10.0828	9.2681
0.7287	1.5634	-0.2209	10.0830	9.2681
0.7287	1.5623	-0.2274	10.0832	9.2681
0.7287	1.5611	-0.1885	10.0838	9.2681
0.7286	1.5603	-0.2308	10.0844	9.2681
0.7286	1.5595	-0.5495	10.0835	9.2681
0.7285	1.5571	-0.4185	10.0834	9.3945
0.7284	1.5552	-0.5143	10.0838	9.3945
0.7284	1.5532	-0.4122	10.0852	9.4923
0.7283	1.5521	-0.4723	10.0850	9.4923
0.7282	1.5507	-0.6548	10.0857	9.4923
0.7280	1.5493	-0.4867	10.0869	9.4923
0.7279	1.5486	-0.6480	10.0874	9.4923
0.7277	1.5480	-0.7307	10.0878	9.4923
0.7275	1.5475	-0.6052	10.0882	9.4923
0.7273	1.5472	-0.3763	10.0892	9.5570
0.7272	1.5472	-0.4966	10.0881	9.5570
0.7270	1.5470	-0.3641	10.0870	9.6851
0.7269	1.5466	-0.3574	10.0866	9.6851
0.7268	1.5461	-0.2326	10.0853	9.6851
0.7268	1.5456	-0.2459	10.0869	9.6851
0.7267	1.5453	-0.3975	10.0866	9.6851
0.7266	1.5448	-0.4495	10.0871	9.6851
0.7265	1.5444	-0.3771	10.0894	9.6851
0.7264	1.5445	-0.3890	10.0907	9.6851
0.7262	1.5449	-0.6589	10.0929	9.6851
0.7259	1.5463	-0.6412	10.0917	9.6851
0.7257	1.5473	-0.5042	10.0928	9.6851
0.7255	1.5484	-0.3751	10.0926	9.6851
0.7253	1.5491	-0.4079	10.0929	9.6851
0.7252	1.5500	-0.5449	10.0934	9.6851
0.7249	1.5513	-0.4611	10.0921	9.6851
0.7248	1.5522	-0.2127	10.0910	9.6851
0.7247	1.5525	-0.2700	10.0905	9.6851
0.7246	1.5528	-0.1831	10.0903	9.8008
0.7245	1.5529	-0.0528	10.0892	9.8008
0.7245	1.5530	-0.0037	10.0882	9.8008
0.7245	1.5530	-0.0864	10.0881	9.8008
0.7245	1.5530	-0.0695	10.0897	9.8008
0.7245	1.5530	-0.3103	10.0906	9.8008
0.7243	1.5534	-0.3062	10.0917	9.8008
0.7242	1.5539	-0.2765	10.0908	9.8008
0.7241	1.5543	-0.2057	10.0909	9.8008
0.7240	1.5546	-0.2787	10.0925	9.8008
0.7239	1.5552	-0.3417	10.0922	9.8008
0.7238	1.5559	-0.3068	10.0919	9.8008
0.7237	1.5565	-0.1378	10.0915	9.8008
0.7236	1.5567	-0.1754	10.0883	9.8008
0.7236	1.5567	-0.0667	10.0883	10.0237
0.7235	1.5567	-0.1108	10.0896	10.0237
0.7235	1.5568	-0.2502	10.0888	10.0237
0.7234	1.5569	-0.1387	10.0893	10.0237
0.7234	1.5570	-0.0308	10.0897	10.0237
0.7234	1.5570	-0.0510	10.0924	10.0237
0.7233	1.5572	-0.1605	10.0923	10.0237
0.7233	1.5575	-0.0007	10.0925	10.0237
0.7233	1.5575	-0.2152	10.0926	10.0237
0.7232	1.5580	-0.3855	10.0934	10.0237
0.7230	1.5590	-0.3938	10.0952	10.0237
0.7228	1.5603	-0.3772	10.0936	10.0237
0.7227	1.5614	-0.3104	10.0945	10.0237
0.7225	1.5623	-0.3314	10.0940	10.0237
0.7224	1.5633	-0.2845	10.0960	10.0237
0.7223	1.5643	-0.3318	10.0959	10.0237
0.7221	1.5656	-0.2403	10.0961	10.0237
0.7220	1.5665	-0.3446	10.0971	10.0237
0.7218	1.5679	-0.3357	10.0972	10.0237
0.7217	1.5693	-0.3625	10.0971	10.0237
0.7215	1.5708	-0.2690	10.0970	10.0237
0.7214	1.5719	-0.1744	10.0943	10.1973
0.7213	1.5724	-0.1412	10.0940	10.1973
0.7212	1.5728	-0.1692	10.0949	10.1973
0.7212	1.5734	-0.2409	10.0953	10.1973
0.7211	1.5742	-0.3902	10.0955	10.1973
0.7209	1.5756	-0.3224	10.0937	10.1973
0.7207	1.5765	-0.2196	10.0921	10.3613
0.7206	1.5770	-0.1990	10.0938	10.3613
0.7206	1.5775	-0.3783	10.0934	10.3613
0.7204	1.5785	-0.3715	10.0908	10.3613
0.7203	1.5791	-0.3969	10.0911	10.3613
0.7201	1.5798	-0.2930	10.0906	10.3613
0.7200	1.5802	-0.0159	10.0904	10.7107
0.7200	1.5802	-0.2038	10.0879	10.7107
0.7199	1.5802	-0.3876	10.0895	10.7107
0.7198	1.5806	-0.2889	10.0901	10.7107
0.7197	1.5809	-0.2503	10.0916	10.7107
0.7196	1.5814	-0.3677	10.0910	10.7107
0.7195	1.5820	0.1604	10.0903	11.2471
0.7195	1.5818	0.1619	10.0923	11.2471
0.7196	1.5814	0.3159	10.0905	11.2471
0.7197	1.5810	0.4610	10.0877	11.2471
0.7198	1.5810	0.4158	10.0891	11.2471
0.7200	1.5807	0.3081	10.0887	11.2471
0.7201	1.5806	0.3726	10.0871	11.2471
0.7202	1.5807	0.4670	10.0866	11.2471
0.7203	1.5811	0.5323	10.0860	11.2471
0.7205	1.5817	0.3873	10.0864	11.2471
0.7206	1.5820	0.4257	10.0889	11.2471
0.7207	1.5817	0.3104	10.0891	11.2471
0.7208	1.5815	0.3251	10.0903	11.2471
0.7210	1.5811	0.4740	10.0914	11.2471
0.7211	1.5802	0.4337	10.0918	11.2471
0.7213	1.5794	0.6597	10.0918	11.2471
0.7216	1.5781	0.5681	10.0902	11.2471
0.7218	1.5774	0.5008	10.0909	11.2471
0.7220	1.5766	0.4040	10.0903	11.2471
0.7221	1.5760	-0.0068	10.0891	11.5048
0.7221	1.5761	0.0416	10.0919	11.5048
0.7221	1.5760	0.0296	10.0936	11.5048
0.7221	1.5759	0.0482	10.0965	11.5048
0.7222	1.5757	0.0478	10.0947	11.5048
0.7222	1.5755	0.1640	10.0952	11.5048
0.7223	1.5750	0.2341	10.0933	11.5048
0.7224	1.5744	0.3003	10.0935	11.5048
0.7225	1.5736	0.4403	10.0935	11.5048
0.7227	1.5724	0.2850	10.0947	11.6559
0.7228	1.5715	0.1918	10.0952	11.6559
0.7229	1.5708	0.1366	10.0957	11.6559
0.7229	1.5703	0.2345	10.0980	11.6559
0.7230	1.5693	0.2712	10.0975	11.6559
0.7232	1.5681	0.0943	10.0959	11.6559
0.7232	1.5678	-0.0517	10.0966	11.6559
0.7232	1.5680	-0.0191	10.0973	11.6559
0.7232	1.5681	0.0367	10.0974	11.6559
0.7232	1.5679	0.0763	10.0973	11.6559
0.7232	1.5676	0.1128	10.0971	11.6559
0.7233	1.5672	0.0123	10.0964	11.6559
0.7233	1.5671	0.1412	10.0959	11.6559
0.7234	1.5666	0.1875	10.0968	11.6559
0.7235	1.5659	0.3270	10.0954	11.6559
0.7236	1.5647	0.2839	10.0953	11.6559
0.7237	1.5638	0.3712	10.0952	11.6559
0.7239	1.5626	0.3125	10.0960	11.6559
0.7240	1.5614	0.4323	10.0935	11.6559
0.7242	1.5603	0.3348	10.0939	11.6559
0.7244	1.5594	0.4779	10.0935	11.6559
0.7245	1.5581	0.3242	10.0928	11.6559
0.7247	1.5574	0.2789	10.0913	11.6559
0.7248	1.5569	0.2651	10.0902	11.6559
0.7249	1.5566	0.3033	10.0889	11.6559
0.7250	1.5565	-0.1324	10.0859	12.0827
0.7249	1.5563	-0.3538	10.0864	12.0827
0.7248	1.5559	-0.4785	10.0875	12.0827
0.7247	1.5558	-0.3897	10.0901	12.0827
0.7246	1.5562	-0.4773	10.0898	12.0827
0.7244	1.5566	-0.4547	10.0880	12.0827
0.7243	1.5565	-0.3590	10.0898	12.0827
0.7241	1.5568	-0.3227	10.0853	12.0827
0.7241	1.5563	-0.3565	10.0851	12.0827
0.7240	1.5556	-0.3942	10.0870	12.0827
0.7239	1.5553	-0.4338	10.0880	12.0827
0.7237	1.5552	-0.2225	10.0869	12.0827
0.7237	1.5551	-0.3788	10.0885	12.0827
0.7235	1.5551	-0.3659	10.0878	12.0827
0.7234	1.5550	-0.3116	10.0854	12.0827
0.7234	1.5545	-0.3570	10.0869	12.0827
0.7233	1.5542	-0.3884	10.0870	12.0827
0.7231	1.5539	-0.4408	10.0880	12.0827
0.7230	1.5538	-0.4594	10.0898	12.0827
0.7229	1.5542	-0.2514	10.0902	12.0827
0.7228	1.5544	-0.2146	10.0888	12.0827
0.7227	1.5545	-0.2040	10.0910	12.0827
0.7226	1.5548	-0.1517	10.0933	12.2167
0.7226	1.5551	-0.0120	10.0935	12.2167
0.7226	1.5551	0.0509	10.0935	12.2167
0.7226	1.5550	-0.0363	10.0945	12.2167
0.7226	1.5551	0.0207	10.0949	12.2167
0.7226	1.5551	0.1033	10.0950	12.2167
0.7226	1.5547	0.1651	10.0950	12.2167
0.7227	1.5542	-0.0077	10.0962	12.2167
0.7227	1.5543	0.0240	10.0975	12.2167
0.7227	1.5542	-0.0739	10.0965	12.2167
0.7227	1.5544	-0.1072	10.0976	12.2167
0.7226	1.5549	-0.2461	10.0975	12.2167
0.7225	1.5559	-0.2165	10.0973	12.2167
0.7224	1.5567	-0.2150	10.0962	12.2167
0.7223	1.5575	-0.1913	10.0959	12.2167
0.7222	1.5581	-0.1933	10.0954	12.2167
0.7221	1.5587	-0.1238	10.0946	12.2167
0.7221	1.5591	-0.1770	10.0947	12.2167
0.7220	1.5596	-0.1882	10.0917	12.2167
0.7219	1.5599	-0.3817	10.0886	12.2167
0.7218	1.5599	-0.2383	10.0886	12.3567
0.7217	1.5599	-0.1578	10.0900	12.3567
0.7217	1.5600	-0.1959	10.0895	12.3567
0.7216	1.5601	-0.1665	10.0879	12.3567
0.7216	1.5601	-0.1649	10.0890	12.3567
0.7215	1.5601	-0.1061	10.0901	12.3567
0.7215	1.5602	-0.0183	10.0919	12.3567
0.7215	1.5602	-0.1332	10.0912	12.3567
0.7214	1.5604	0.0758	10.0919	12.3567
0.7215	1.5603	0.1479	10.0920	12.3567
0.7215	1.5600	0.0900	10.0929	12.3567
0.7215	1.5598	0.1313	10.0921	12.3567
0.7216	1.5596	0.1686	10.0937	12.3567
0.7217	1.5592	0.1887	10.0934	12.3567
0.7217	1.5588	0.3114	10.0932	12.3567
0.7219	1.5581	0.2752	10.0937	12.3567
0.7220	1.5574	0.2704	10.0945	12.3567
0.7221	1.5567	0.3751	10.0943	12.3567
0.7222	1.5557	0.3477	10.0939	12.3567
0.7224	1.5549	0.3389	10.0937	12.3567
0.7225	1.5541	0.1819	10.0932	12.3567
0.7226	1.5537	0.2296	10.0953	12.3567
0.7227	1.5530	0.0057	10.0971	12.6404
0.7227	1.5529	0.0528	10.0969	12.6404
0.7227	1.5528	-0.1283	10.0975	12.6404
0.7227	1.5532	0.0118	10.0987	12.6404
0.7227	1.5532	-0.0728	10.0988	12.6404
0.7226	1.5535	0.0724	10.0986	12.6404
0.7227	1.5532	0.0172	10.0987	12.6404
0.7227	1.5531	-0.2880	10.0994	12.6404
0.7225	1.5544	-0.2951	10.0993	12.6404
0.7224	1.5557	-0.2223	10.1010	12.6404
0.7223	1.5569	-0.3117	10.1012	12.6404
0.7221	1.5584	-0.0758	10.0994	12.6404
0.7221	1.5588	-0.3984	10.0981	12.6404
0.7219	1.5604	-0.4679	10.0986	12.6404
0.7217	1.5623	-0.2839	10.0975	12.6404
0.7215	1.5634	-0.2722	10.0987	12.6404
0.7214	1.5645	-0.2428	10.0992	12.7821
0.7213	1.5656	0.0107	10.0995	12.7821
0.7213	1.5655	-0.1078	10.0991	12.7821
0.7213	1.5660	-0.0697	10.0972	12.7821
0.7212	1.5662	-0.3103	10.0952	12.7821
0.7211	1.5671	-0.2888	10.0970	12.7821
0.7210	1.5681	-0.3044	10.0967	12.7821
0.7208	1.5692	-0.1592	10.0974	12.7821
0.7208	1.5697	-0.2676	10.0973	12.7821
0.7206	1.5707	-0.3351	10.0972	12.7821
0.7205	1.5719	-0.1411	10.0982	12.7821
0.7204	1.5724	-0.0357	10.0986	12.7821
0.7204	1.5726	-0.0842	10.0988	12.7821
0.7204	1.5729	-0.0109	10.0972	13.0629
0.7204	1.5730	-0.2496	10.0975	13.0629
0.7202	1.5739	-0.2300	10.0973	13.0629
0.7201	1.5747	-0.2694	10.0975	13.0629
0.7200	1.5756	-0.3000	10.0980	13.0629
0.7199	1.5768	-0.2771	10.0979	13.0629
0.7198	1.5778	-0.2760	10.0982	13.0629
0.7196	1.5789	-0.2485	10.0996	13.0629
0.7195	1.5799	-0.2788	10.0994	13.0629
0.7194	1.5811	-0.2341	10.0984	13.0629
0.7193	1.5820	-0.4413	10.1000	13.0629
0.7191	1.5839	-0.4017	10.1008	13.0629
0.7189	1.5858	-0.5298	10.0992	13.0629
0.7186	1.5880	-0.5124	10.1006	13.0629
0.7184	1.5904	-0.5589	10.1008	13.0629
0.7181	1.5930	-0.4017	10.1004	13.0629
0.7179	1.5948	-0.4236	10.1008	13.0629
0.7177	1.5967	-0.2851	10.1005	13.1866
0.7176	1.5980	-0.2170	10.1020	13.1866
0.7175	1.5991	-0.0892	10.1020	13.1866
0.7174	1.5995	-0.0931	10.1036	13.1866
0.7174	1.6001	0.0531	10.1051	13.1866
0.7174	1.5997	-0.0177	10.1057	13.1866
0.7174	1.5998	-0.2147	10.1057	13.1866
0.7173	1.6012	0.0323	10.1038	13.1866
0.7173	1.6010	-0.0741	10.1049	13.1866
0.7172	1.6014	-0.1629	10.1033	13.1866
0.7172	1.6023	-0.3887	10.0994	13.1866
0.7170	1.6039	-0.3598	10.1016	13.1866
0.7168	1.6056	-0.3415	10.0999	13.1866
0.7166	1.6070	-0.3839	10.1003	13.1866
0.7165	1.6086	-0.6062	10.0960	13.1866
0.7162	1.6102	-0.5146	10.0955	13.1866
0.7160	1.6115	-0.3990	10.0988	13.1866
0.7158	1.6130	-0.4126	10.1008	13.1866
0.7156	1.6148	-0.4687	10.1021	13.1866
0.7154	1.6171	-0.5822	10.0997	13.1866
0.7151	1.6194	-0.5680	10.1006	13.1866
0.7149	1.6219	-0.5453	10.1024	13.1866
0.7146	1.6245	-0.3784	10.1042	13.1866
0.7144	1.6266	-0.4259	10.1029	13.1866
0.7142	1.6288	-0.4401	10.1039	13.1866
0.7140	1.6311	-0.4414	10.1028	13.1866
0.7137	1.6333	-0.5024	10.1054	13.1866
0.7135	1.6363	-0.6487	10.1048	13.1866
0.7131	1.6399	-0.7435	10.1036	13.1866
0.7128	1.6438	-1.1998	10.0969	13.1866
0.7123	1.6471	-1.0496	10.0921	13.1866
0.7119	1.6479	-1.1035	10.0902	13.1866
0.7116	1.6476	-0.8536	10.0854	13.1866
0.7114	1.6444	-1.1531	10.0843	13.1866
0.7113	1.6387	-1.2561	10.0863	13.1866
0.7111	1.6350	-1.2036	10.0851	13.1866
0.7109	1.6302	-1.0059	10.0871	13.1866
0.7106	1.6278	-1.2946	10.0854	13.1866
0.7104	1.6230	-1.2373	10.0839	13.1866
0.7103	1.6159	-1.1591	10.0918	13.1866
0.7107	1.5963	-0.0679	10.0881	13.3425
0.7107	1.5953	-0.7798	10.0947	13.3425
0.7110	1.5811	-0.8942	10.1300	13.3425
0.7117	1.5559	-0.3083	10.1016	13.7964
0.7118	1.5495	-1.2630	10.1335	13.7964
0.7128	1.5131	0.1045	10.1383	15.1469
0.7127	1.5162	-1.0670	10.1532	15.1469
0.7137	1.4819	-1.0992	10.1443	15.1469
0.7146	1.4483	-1.4749	10.1469	15.1469
0.7159	1.4029	-1.2189	10.1660	15.1469
0.7171	1.3617	-1.2569	10.1250	15.1469
0.7180	1.3285	-1.4743	10.1092	15.1469
0.7188	1.2954	-1.2715	10.1013	15.1469
0.7194	1.2698	-1.6330	10.1126	15.1469
0.7204	1.2317	-0.7610	10.1057	15.3309
0.7208	1.2154	-1.4244	10.0989	15.3309
0.7214	1.1880	-1.1757	10.1089	15.5649
0.7220	1.1618	-0.9375	10.1042	15.5649
0.7225	1.1422	-1.4922	10.1052	15.5649
0.7233	1.1107	-1.0150	10.0949	15.5649
