101
1 0.649451154298 0.873535712676 0.279976394046 0.977347206145 0.0995162629495 0.852955638622 0.397575821217 0.0807289262919 0.274064360554 0.453648826811 0.792603145397 0.862324392308 0.133849807221 0.52088954955 0.650119396754 0.348201570422 0.871729588222 0.277740417273 0.0184159554454 0.0405135415086 0.682093296383 0.560179926335 0.946317452916
2 0.35102381396 0.180087117132 0.504461607349 0.0393939799235 0.101157046224 0.988626553448 0.200181993971 0.359244211661 0.731927056633 0.837958279065 0.919166975267 0.170758013228 0.673601685502 0.965127626342 0.0582851726806 0.676883571383 0.845322001609 0.341157382211 0.250840010674 0.596221078754 0.442597727254 0.174667078803 0.470039617398
3 0.648755520621 0.873132633219 0.281041398346 0.978344514349 0.100470069517 0.85406514165 0.396695958593 0.0810785020532 0.275464663218 0.45301525232 0.791527646639 0.861262258113 0.132426817035 0.520936712098 0.650444615495 0.346341514555 0.870344694429 0.280061908054 0.018485108796 0.0419619759911 0.680353881893 0.558652253554 0.947883079947
4 0.410491077377 0.569788045525 0.508128747114 0.311278448948 0.356812792641 0.837250841383 0.251238926697 0.562363397489 0.0129139271696 0.741664259064 0.336329549834 0.0459316152215 0.281576574208 0.239718157413 0.953005652075 0.354364730037 0.28772564159 0.359658071162 0.947521571859 0.633091502595 0.619683634224 0.713943597092 0.38806562008
5 0.289446665781 0.189399977247 0.186486572313 0.612330796039 0.656252116051 0.476195054089 0.0887902020643 0.759228520736 0.877887493088 0.922558692574 0.842875496592 0.898267229674 0.923025568038 0.541914353724 0.391840709876 0.704452339476 0.275363039862 0.810293032069 0.849774878306 0.895166931477 0.589945958896 0.94960854272 0.579728741575
6 0.844635607542 0.758329100141 0.420012365084 0.259143720878 0.511635820963 0.40383424938 0.782156208677 0.301697393175 0.476546193394 0.582400822313 0.90809791131 0.504097317432 0.280613656741 0.755917235397 0.616078144277 0.250475206608 0.90811354265 0.983038814932 0.81111238187 0.90102265608 0.309332031209 0.728510569646 0.89898655468
7 0.449307073558 0.659487695695 0.996584700504 0.915891878542 0.793801271329 0.0823737083546 0.612207869827 0.486419400454 0.631512045325 0.845674467384 0.243633181005 0.731265338074 0.115987085675 0.221208211167 0.795577133792 0.332946180284 0.816343731713 0.101050901289 0.146480751284 0.697448049305 0.0459957834793 0.574040999251 0.908519063641
8 0.409982298105 0.568913810727 0.508218385624 0.312216515176 0.3570871721 0.837094058126 0.250452777651 0.561411197933 0.012683205618 0.741686490454 0.336073687022 0.0449124727544 0.280170656329 0.240878663906 0.953711954915 0.351803880175 0.288484624137 0.359345333204 0.946045542924 0.634505202733 0.620376992871 0.714579059163 0.388234794084
9 0.291137688206 0.190192675834 0.18577571975 0.611854235369 0.657814464574 0.477717094759 0.0903356120512 0.756008006229 0.877560928676 0.922565579574 0.842796179948 0.897328483222 0.923190024156 0.540125474508 0.391459340896 0.704485157191 0.275668547883 0.810801045406 0.849559119287 0.894750735701 0.591485828029 0.950250188578 0.578085049759
10 0.649405727925 0.873163729904 0.279135787921 0.978585796615 0.100505968871 0.854603113959 0.395268895004 0.0815590836047 0.273570188122 0.452415993216 0.792650087703 0.861958787331 0.133938229761 0.519308916382 0.650097836667 0.347769212762 0.87155793336 0.279461586399 0.0193305460325 0.0406447710644 0.680810060458 0.557275040909 0.946878496701
11 0.846103055893 0.757020256563 0.420519415899 0.258617383714 0.51191551386 0.40523729332 0.78448151855 0.303440235604 0.478626295305 0.583509257031 0.908233598317 0.504426115744 0.282240131272 0.755485774087 0.618684148306 0.251585802245 0.910102879097 0.982639755044 0.810937650606 0.902198493481 0.31115913617 0.729989685238 0.899144506532
12 0.683609848821 0.47108008025 0.10227651931 0.435510943499 0.612315813091 0.912459528221 0.967254261905 0.476542017327 0.867014213276 0.261523610373 0.804750202729 0.549651616814 0.016206651812 0.720496698546 0.399418827955 0.825734956476 0.669487926381 0.00242174380693 0.493123573865 0.867377336204 0.244423933088 0.325223382845 0.869848353387
13 0.450946477809 0.660360045814 0.99655795094 0.916980184257 0.794028025833 0.0827212591133 0.611610668769 0.486056914615 0.630640188981 0.845691038984 0.242829713501 0.731249764297 0.116455921164 0.220705675472 0.794829123226 0.332454339435 0.815257517475 0.101031545045 0.146268194875 0.697016152315 0.045412539284 0.574466103226 0.908206043551
14 0.414752808978 0.650670907399 0.00247077286458 0.191802604841 0.333162442863 0.238701017418 0.637650903268 0.37873642308 0.874629539348 0.568162018183 0.415232176469 0.402651666992 0.701669200338 0.417186188834 0.662446105357 0.0462754620641 0.445405331036 0.260391076682 0.15770005469 0.527504185028 0.48720188047 0.561018761885 0.756710891741
15 0.349873601654 0.180195177685 0.503406437498 0.0385620835649 0.100367617034 0.987092755219 0.199496575088 0.35982050616 0.731192216659 0.840448957068 0.919612633982 0.170497455598 0.673200439394 0.966694708102 0.0570724281676 0.67603985021 0.845147523392 0.342524035821 0.250677288662 0.597404664381 0.44236797816 0.173176236421 0.471458750385
16 0.414304094443 0.65059846208 0.00216762249262 0.191751103929 0.334294488563 0.239809414118 0.637183027453 0.378113524594 0.875740290514 0.567177553498 0.414284399811 0.401621828835 0.701166790686 0.417323541314 0.662762575297 0.0457080505723 0.446096201686 0.259375339717 0.157079763838 0.526840355171 0.488028409972 0.562045005117 0.756453481006
17 0.450216812322 0.660022356916 0.99591272796 0.916329417706 0.792558402898 0.0825059737317 0.611638129095 0.486612920203 0.629693461663 0.846070467866 0.243625513841 0.731723728262 0.11712687459 0.220214132506 0.79445921472 0.332418250932 0.814364343434 0.10088756944 0.147275758357 0.697728986945 0.0466138392012 0.574478172084 0.909534145313
18 0.408766495442 0.569330442578 0.508608921277 0.309258017977 0.35507422815 0.838475552991 0.250099101243 0.560522972054 0.011903164848 0.741580655975 0.33529742744 0.046354926862 0.281396954138 0.239910210368 0.953528713061 0.350812977213 0.288634842031 0.358449778716 0.94722948961 0.633513609232 0.62019164822 0.716754894438 0.389214698256
19 0.450745528988 0.659522414626 0.99651881676 0.916241884033 0.793417639065 0.0828608341988 0.613711590923 0.486076822175 0.630856147703 0.84530686364 0.243067279633 0.73180364179 0.11723389969 0.22069786358 0.794283139317 0.332182517598 0.815119198139 0.099944171074 0.146106947472 0.696806375397 0.0449036804877 0.575369646123 0.909514132519
20 0.35095744005 0.178446477121 0.503446256189 0.0410406535011 0.10043520253 0.989142282122 0.198956972618 0.357384994442 0.731670444104 0.838453902083 0.919058873414 0.169855719635 0.672762317605 0.967644124194 0.058077611723 0.677041008208 0.846444339352 0.341468363796 0.24887852538 0.595442676972 0.443339799323 0.174163945486 0.471821668476
21 0.684974797368 0.47124487056 0.100334616276 0.434915065148 0.610804324903 0.913172899303 0.967299187418 0.477208006427 0.865540036032 0.261379063796 0.80521993784 0.549165459974 0.0134693965352 0.71862103037 0.398255726655 0.826222358439 0.668133096574 0.00183234915056 0.493524916816 0.867382343982 0.24417748692 0.325087362676 0.869300824709
22 0.844715073656 0.758710513149 0.418626338812 0.258551573235 0.511367232512 0.40523279054 0.783966402797 0.303387971098 0.475823835311 0.584089840742 0.907719321097 0.50538834488 0.282207253244 0.75584705486 0.616956826074 0.250965824872 0.909862238272 0.982392882685 0.810241902563 0.903375393561 0.308877233774 0.729491839133 0.899565404998
23 0.350086504659 0.181232375604 0.503826806326 0.039979580551 0.0999653839169 0.988601262187 0.198786482476 0.358423663053 0.731641437088 0.838701837282 0.918553689077 0.169089288237 0.672579571147 0.965983913149 0.0577867596077 0.677399324809 0.84475951079 0.341270036778 0.249206787577 0.596648782972 0.44309407378 0.175568713881 0.472530124065
24 0.291160491504 0.188858706096 0.185686109317 0.612489972948 0.656209332341 0.476804733529 0.089339497668 0.756485347694 0.876642229468 0.923489753066 0.843511937587 0.898067458471 0.923530852106 0.540949565419 0.390408871151 0.704814734219 0.27651412635 0.812019937563 0.849548651661 0.893415203927 0.591051238676 0.94946586684 0.579675303676
25 0.414672630274 0.649560790775 0.000474026903505 0.19181939669 0.334679397856 0.240604154373 0.637912057682 0.377486964887 0.874815308205 0.568951193728 0.413293302859 0.40109673299 0.702937830617 0.419120284508 0.661497543327 0.046662612451 0.445237006036 0.259259914757 0.157890840194 0.528646637486 0.486799187286 0.560661232819 0.756308405037
26 0.290080789412 0.189726783956 0.186254009328 0.611844475756 0.655945476705 0.477104870505 0.0886378003484 0.757408062459 0.876945039445 0.924555915998 0.842748450398 0.898842118659 0.922918228473 0.539472879935 0.391732518099 0.704964237926 0.275146032962 0.811325616129 0.848921397406 0.894459205596 0.590535583221 0.949717162805 0.579267441324
27 0.844305489559 0.757833827516 0.42108775916 0.259066584687 0.511116376094 0.404704639978 0.785656105493 0.304080846411 0.475194112927 0.58412308107 0.90828056257 0.505472260192 0.281543464543 0.756169128913 0.617318672893 0.252451084962 0.909733779582 0.982047647504 0.809722257486 0.902483204024 0.308945692183 0.729591999498 0.89851369517
28 0.843649948008 0.75863306137 0.420206814748 0.258870987056 0.511312435486 0.405912385775 0.784954625211 0.30209740076 0.476490275258 0.583783538617 0.908652331823 0.505434195684 0.280662455565 0.755807394154 0.618527348986 0.250665076939 0.909317784114 0.983052840819 0.809109146662 0.902315106539 0.310412206538 0.730742889075 0.898392984977
29 0.349880694084 0.180430927373 0.503177018384 0.0390361017664 0.101341115934 0.987089155436 0.201074370953 0.358852651732 0.731915443064 0.83840021226 0.91836809331 0.169838806075 0.672701824042 0.967250839035 0.0579813205929 0.675439716134 0.845315824106 0.343180568823 0.250181227317 0.597196378981 0.443084538131 0.174263676843 0.472905977723
30 0.350110300167 0.180228457705 0.50477789374 0.0382233533466 0.101249690171 0.987511535402 0.199855716884 0.35977802686 0.73175811227 0.839435650049 0.918724661908 0.168293846003 0.672000254459 0.966266016087 0.0591591424071 0.676447400286 0.846313585606 0.34119414938 0.252442799282 0.597297815518 0.442223570475 0.174204782863 0.471354635542
31 0.65015329631 0.873198094598 0.27977042515 0.977398958177 0.0991685969174 0.855271103901 0.397239463772 0.0809478388628 0.274712181371 0.452876652938 0.792734040933 0.860473707438 0.13410252448 0.520654820012 0.650316096633 0.346581668271 0.87207207098 0.277413287045 0.0186080454236 0.0406606138437 0.681138944987 0.55852927385 0.94771919194
32 0.650495094738 0.871848340946 0.280206075856 0.979058722135 0.0989945737423 0.853929837669 0.396211862966 0.0805933175768 0.274475323978 0.453419577352 0.7921974639 0.861891596124 0.134385670671 0.521064904642 0.651086351672 0.345712422687 0.871830783189 0.277414714715 0.0178019910023 0.040602443695 0.681609119895 0.556280912421 0.947499614116
33 0.410786184044 0.56880345326 0.506450556158 0.310678815363 0.357634948155 0.838881501201 0.251306638456 0.55919914963 0.0124364634086 0.741137821725 0.335013518897 0.0442510006869 0.280227651765 0.239855089242 0.954046072458 0.35192463828 0.286996808262 0.359747738534 0.947086260726 0.633237923519 0.621994435323 0.715710115294 0.389075665188
34 0.349885312842 0.179706218148 0.503002790818 0.0393106747255 0.100356495469 0.98870308684 0.198977287897 0.360170303461 0.731016239303 0.83904957908 0.918867350831 0.169393845487 0.671820032802 0.965188621364 0.0579748053716 0.675673894454 0.843607918925 0.343184556774 0.252151027886 0.597750408884 0.441847844666 0.175353167705 0.471415629451
35 0.884026641705 0.493563269281 0.312214776648 0.466992442757 0.809615132352 0.875055630081 0.812472527871 0.187260693902 0.999588036179 0.632048988069 0.0822791961789 0.726546348494 0.987637823192 0.40201779168 0.67870318281 0.315834089974 0.213360019848 0.716674650518 0.00319895758397 0.822860890133 0.528129026374 0.097754587073 0.118268412784
36 0.844142484683 0.758086800766 0.420910786092 0.258700904876 0.511218401678 0.40623963474 0.783165454103 0.303927811482 0.476376808309 0.585175365646 0.906898541352 0.50474255713 0.281237780104 0.755322073964 0.617480278141 0.249976924127 0.910109934953 0.983147202931 0.810360054837 0.902739125446 0.310789176225 0.729029591285 0.897844816275
37 0.844521986583 0.757754032318 0.419404243302 0.258496923397 0.510027480274 0.403585366441 0.783239396083 0.304138917491 0.477432076646 0.583860466948 0.908308156769 0.504222040815 0.281757544629 0.75696794897 0.618354801249 0.251088217567 0.912241840781 0.981715119546 0.811122136696 0.903501048936 0.309948219736 0.729763178548 0.897913670593
38 0.843871084931 0.758021382986 0.419186763891 0.259894835078 0.511747368444 0.404399779159 0.783948215999 0.302884833366 0.476710636985 0.582831851007 0.90906125738 0.503739984647 0.281978767343 0.754463052439 0.6179935459 0.24974467097 0.910891889432 0.983481121216 0.810599596674 0.901672240384 0.310806679572 0.730282856179 0.898058943235
39 0.64950899546 0.873364839376 0.279917011813 0.978662262568 0.100165613086 0.853790935449 0.397067525477 0.0810219010605 0.274483398861 0.453116753553 0.792061293586 0.862051716035 0.134635502794 0.521279205201 0.650613184022 0.346366582246 0.872017686377 0.27815038481 0.0192377806616 0.0408974631526 0.682026909687 0.557625354179 0.946049379256
40 0.413564455635 0.650673087346 0.00162250985468 0.192467479973 0.333939482533 0.238878015378 0.637857921623 0.37914692413 0.875912103775 0.568611161533 0.415338710786 0.402196058521 0.701727305916 0.417307212107 0.662453762185 0.0473884432063 0.444717354208 0.25944116386 0.157805142611 0.528433658776 0.486253025868 0.561774015063 0.755029650186
41 0.411065010182 0.569908484369 0.507661244814 0.313065620235 0.356959983131 0.837696019933 0.251818419112 0.560030703612 0.0123888136718 0.741774569383 0.335602941531 0.0460035298999 0.280479010628 0.240003901619 0.953901263055 0.353731512277 0.287521245428 0.358769395316 0.947667610685 0.633022491156 0.621889828136 0.715330112239 0.388879682246
42 0.843689000722 0.757991655757 0.421181458423 0.259183686074 0.51176039634 0.405165421528 0.785323285519 0.301817631661 0.476951934764 0.584009238163 0.908851909477 0.506414732222 0.281984407148 0.75655063856 0.618395445722 0.251523825966 0.906717782291 0.984175621589 0.810388503365 0.901956728865 0.310134290122 0.729893816343 0.898477561046
43 0.350493001342 0.179211393568 0.503509806947 0.039497873083 0.099389763655 0.988883487182 0.199073459468 0.359047235021 0.732179914057 0.839010413831 0.918195827998 0.169363737101 0.671718846638 0.967152217284 0.0588313812973 0.676032737562 0.844644131672 0.342644266175 0.250804979451 0.597535157173 0.441851815975 0.174221545948 0.470380361181
44 0.648566868387 0.874197366617 0.279503786774 0.979538859996 0.100321311095 0.853392527208 0.396784168609 0.081986126685 0.274879655324 0.453554740657 0.790491068793 0.862566849729 0.134377087291 0.521998210179 0.651141205279 0.347827410117 0.871995460858 0.278924612663 0.0180277148636 0.0417198067644 0.680454791416 0.558002130869 0.946231161153
45 0.289478485475 0.189923214086 0.187343093613 0.612757903247 0.654910773386 0.47649184043 0.0892276733345 0.758476947448 0.876877610686 0.922326605269 0.842470910406 0.897677398101 0.923534502457 0.54047575893 0.390751553967 0.704967446075 0.275220277152 0.811162710944 0.848452932657 0.895515490365 0.589656299312 0.950968339401 0.579466275094
46 0.350622145592 0.180720506048 0.504324732518 0.0391385378817 0.101099456596 0.987958094105 0.198254649292 0.35871910916 0.730669893408 0.837895059877 0.918330019997 0.169567436465 0.673162198553 0.965177337727 0.0578310270409 0.675234871026 0.846639705216 0.342206839496 0.249499187692 0.596598974001 0.442638595602 0.176254807906 0.47128359388
47 0.451613946798 0.659026186467 0.995771198951 0.917682324788 0.792755798557 0.0833814815882 0.614630674973 0.485306690516 0.630122283559 0.844436852514 0.244756695427 0.729883034611 0.116090526283 0.221965153254 0.79264566137 0.332395353731 0.817288310844 0.100571704866 0.146182006671 0.697273558385 0.0462443937257 0.573897261957 0.909519449123
48 0.532510177846 0.680233550533 0.0256719730061 0.63530181284 0.607375631204 0.576315325237 0.391167606699 0.369749351698 0.979555922307 0.0354435781174 0.0225748364783 0.962614320003 0.185076390501 0.124248439656 0.209792305346 0.80138823209 0.937487454967 0.0222862700448 0.425328453534 0.100205767427 0.260029695428 0.221682692208 0.646475446889
49 0.885181334255 0.495278815753 0.312458677167 0.466674758051 0.809730035351 0.873723895952 0.813070554942 0.187375143786 0.999021361517 0.632765985922 0.0832679554032 0.72481507411 0.987221364829 0.401870326478 0.677321798196 0.317186958017 0.211988780439 0.716660169045 0.00264681090173 0.822594154085 0.527769428681 0.0974274579018 0.118076202682
50 0.534162608448 0.681729869302 0.0275455288853 0.63392065748 0.606404412795 0.575485117749 0.391290517442 0.369711593506 0.980403794709 0.0372412363712 0.0205007233219 0.961207116914 0.185194668837 0.124577721344 0.210889831885 0.801662803737 0.936690702956 0.0227297131671 0.426158978231 0.10181802059 0.260185748124 0.220984829772 0.646545877398
51 0.884055592005 0.494217250115 0.31197485868 0.466859990267 0.809667477758 0.874284197338 0.812444197169 0.18712946887 0.998784668661 0.631470666436 0.0820416670252 0.7249947064 0.986633632299 0.402100668626 0.679053394979 0.316194546595 0.213867599627 0.716773003725 0.00249716977412 0.823599289709 0.529192665171 0.0974909094339 0.118740799119
52 0.350547880476 0.180424784463 0.504347643269 0.0384495642502 0.101781081237 0.988437978983 0.201105159997 0.35851415555 0.730738661464 0.838844687313 0.917998411682 0.169129042479 0.67290332471 0.966684691684 0.0573022761802 0.675353958915 0.845423245808 0.341908319633 0.250082939821 0.597481325851 0.441911032535 0.174337628132 0.472213771556
53 0.415924344726 0.65076710313 0.000905721368078 0.192388752144 0.333751124484 0.239645630844 0.637419039165 0.37913103181 0.876273365271 0.567909544374 0.414976241269 0.402738340046 0.701139319547 0.418807059673 0.664239047038 0.0465221140236 0.44439781988 0.258807549627 0.157286809806 0.526780826087 0.486614941658 0.561459516113 0.755351705126
54 0.29002764143 0.189809248544 0.18638810105 0.6148918861 0.656221769565 0.476338888948 0.0897258972886 0.758022076519 0.877048740993 0.923210171806 0.842786294436 0.898382110241 0.922398692068 0.540622838491 0.39151946285 0.705230531062 0.275682123957 0.81239009992 0.850170008794 0.895498714358 0.589602046023 0.949736879909 0.579197114663
55 0.845578944801 0.757074646583 0.42100003806 0.259107873295 0.51144459382 0.406650690989 0.782793320278 0.304234063545 0.475919845163 0.583670950484 0.908212939815 0.503652536237 0.281717558608 0.756790345342 0.617966569493 0.249157541858 0.909271352877 0.981821005578 0.809945206764 0.90197881621 0.311267855222 0.72942992315 0.898673081235
56 0.351435678638 0.179920535305 0.503020231985 0.0383896831469 0.100431504596 0.988502803512 0.200209678682 0.358813440239 0.731841759728 0.838655129222 0.918276607311 0.170087669732 0.672114575511 0.965891531277 0.0582423642428 0.675569582849 0.845791977048 0.341688990883 0.250417584339 0.597030857133 0.441821125414 0.174827750221 0.472485286387
57 0.650456408989 0.873834148338 0.280747624701 0.978544067495 0.100253491457 0.853124717291 0.396177472384 0.0815915383405 0.274179601904 0.453062471307 0.792112904692 0.862429295177 0.13201697109 0.519853197333 0.65167918047 0.346875497365 0.872404664997 0.278741500038 0.0174577433281 0.0405378360401 0.681408291903 0.558211066696 0.947980179596
58 0.41476473885 0.650916323052 0.000683506565835 0.191970422256 0.33370636125 0.239682373716 0.638098481912 0.37895990709 0.874108001005 0.569675862197 0.414026548382 0.401889828859 0.700999897904 0.418148600574 0.661724313565 0.0478302269979 0.444800887299 0.258562444493 0.157238125635 0.526877002079 0.486490435103 0.562191264224 0.754904763286
59 0.190544114163 0.567712576751 0.239812526925 0.966726495113 0.802712886977 0.447798873824 0.0808341101485 0.320163566641 0.506886284987 0.933226796575 0.109243466988 0.552393286966 0.707379120263 0.546476760988 0.813500852375 0.540771788142 0.965398263984 0.603071425404 0.587016038274 0.445960886449 0.59678439505 0.385721251359 0.575150427267
60 0.451195773049 0.659491758736 0.99501523464 0.91652641582 0.793408076212 0.0824057162869 0.611529539364 0.487164841374 0.629932293252 0.844164523653 0.243246476429 0.732402686404 0.116398913654 0.220968117576 0.794651239636 0.333141782569 0.815121022459 0.10115072513 0.14580778149 0.697687466177 0.0453004098286 0.574272766654 0.910005920619
61 0.409172118661 0.56916022001 0.508305016879 0.311375734453 0.358011567533 0.837497334049 0.251712437261 0.560675360448 0.0124657158227 0.740925176569 0.335876432257 0.0444140324987 0.281017790908 0.242096817195 0.954606072126 0.352487011067 0.287445725026 0.359166775694 0.946852697955 0.634754565182 0.620821718386 0.717030985121 0.388157985553
62 0.53492411311 0.679840241121 0.0278805880087 0.634971654422 0.60666153578 0.576547163781 0.392081237758 0.369889619549 0.980411000816 0.0372497264949 0.0215990278374 0.960518119264 0.186072549431 0.124687746184 0.210698430064 0.799761883923 0.935318020228 0.022896771263 0.424059909914 0.10208445595 0.260461014847 0.221416017201 0.647044503435
63 0.450159010425 0.660849567017 0.996417294793 0.916480966786 0.793748646884 0.081535145861 0.612279131138 0.487252352248 0.630611576934 0.84582376274 0.244519355515 0.731695189939 0.116795917231 0.221061813686 0.795618384481 0.332504599857 0.814758316447 0.10126471799 0.147248323943 0.698073525246 0.0437535006635 0.573672369034 0.909274057938
64 0.533751589304 0.680727299899 0.026016649497 0.633898835852 0.605920066835 0.5771082231 0.391177138833 0.370876492275 0.980336739347 0.0354285752033 0.0208518161134 0.960686360231 0.185456757826 0.124580604773 0.210458359182 0.80221593429 0.936968260144 0.023080959636 0.426997109693 0.102101909108 0.2598577724 0.220170181484 0.645819928876
65 0.844694094427 0.757369495739 0.420073630112 0.257145537197 0.512283117168 0.405160265994 0.78370096171 0.30367043352 0.476101057731 0.581352758516 0.907422273316 0.504631584315 0.281099763304 0.756048697718 0.61761365427 0.250352875426 0.911578831301 0.983798534945 0.810681888259 0.902156335978 0.310192880303 0.730635745977 0.898778260391
66 0.883695293316 0.494198813926 0.311603434074 0.467653323447 0.808244179719 0.874629908661 0.813279085094 0.188236024443 0.999389562974 0.632711517161 0.0820545939121 0.725408043368 0.986435619969 0.400735831922 0.677758822514 0.315311280323 0.214010667028 0.717309965692 0.00300811570386 0.823044845193 0.527533068982 0.0974193325243 0.119025513762
67 0.450023149195 0.660174679362 0.996521024082 0.916250442991 0.793371696221 0.0830163828857 0.613516876917 0.484992013355 0.630274743263 0.845045118202 0.24305806585 0.730572115689 0.117535129123 0.220859162969 0.794431723374 0.333285670053 0.814177290938 0.100930497096 0.147460794118 0.698093948152 0.0456639185177 0.573305402852 0.910018628416
68 0.290860904837 0.18997320978 0.18748259223 0.61277273654 0.656836002539 0.476682669162 0.0912088768357 0.756251203967 0.877543410126 0.923907251289 0.842265579767 0.896731494398 0.922511947965 0.540202588875 0.391072972382 0.705312035335 0.277860686016 0.811167282161 0.850924928374 0.895384087775 0.588613615129 0.949532086579 0.578388257971
69 0.884296027088 0.49475658796 0.311539251117 0.466874197279 0.808188945691 0.874834838081 0.812637658279 0.188229034012 1.00081943909 0.633191379321 0.0851376593128 0.72649673284 0.988058366514 0.401690736046 0.677940542091 0.316362263318 0.212935160922 0.717685632525 0.00139604130283 0.823464790555 0.528689561473 0.0975091714983 0.118927636555
70 0.844937028423 0.758501857329 0.419858439068 0.259662221944 0.511608694867 0.40369296495 0.784196610816 0.303341618883 0.476194182509 0.58275528209 0.907471178491 0.505110150492 0.281873813856 0.755445646059 0.617746314672 0.251370196432 0.909545655583 0.982633316405 0.80984471587 0.900953211294 0.310305045531 0.730082833709 0.898404329816
71 0.449764751381 0.660379411199 0.995635972188 0.917037943769 0.793923976827 0.0808240990557 0.612159132292 0.487314465218 0.629424175114 0.845750662016 0.242738143161 0.73065407881 0.116557476302 0.219335781273 0.794851846619 0.332131251915 0.816102409175 0.101490476745 0.144996652054 0.697587906677 0.0436311966956 0.573690266957 0.91017006061
72 0.88299586581 0.493903514326 0.31216207308 0.466134439307 0.809382735952 0.874872452509 0.812215501599 0.18774792531 0.997463344656 0.632814583894 0.083539622061 0.72566008922 0.987155853895 0.401763528563 0.679849266067 0.317705116624 0.213534737396 0.717770463151 0.00217938352964 0.823632926015 0.530077116615 0.0969065518161 0.119959815158
73 0.844558632436 0.757946480198 0.41922540516 0.257837279495 0.511591260688 0.404369006274 0.78412711338 0.302637625322 0.475883069494 0.583382907766 0.907505996336 0.505472120612 0.282071001357 0.754662737113 0.618383436189 0.250379765772 0.909059260025 0.982646833295 0.810652314858 0.903801250893 0.310304960573 0.730285010445 0.899314365196
74 0.35128642004 0.179319630076 0.5036011555 0.0407689661762 0.10037661378 0.988443336296 0.199216086269 0.358706883902 0.731484364835 0.837285142478 0.917092419487 0.168641343653 0.672628439155 0.965727059374 0.0595078480844 0.677134787646 0.844956339904 0.342160978105 0.250020532189 0.598140959941 0.443907806383 0.174487603684 0.471123465882
75 0.648744002879 0.873228120163 0.280222779655 0.978330951694 0.100328539381 0.853520484752 0.397149719439 0.0817095894195 0.274488440138 0.45197495527 0.791952315961 0.861569823184 0.134557385586 0.520275008703 0.650246982789 0.345786236008 0.871919517622 0.278047130221 0.018784178956 0.0392434519616 0.680979198836 0.55749382248 0.946368458588
76 0.414100223499 0.650731733842 0.00283790452987 0.191718060004 0.333728367892 0.239127392157 0.637332959359 0.378773659334 0.875456393844 0.568216977423 0.414001427541 0.402797946662 0.702346450303 0.419776726358 0.661977283301 0.0462410402755 0.446634576335 0.259871901525 0.15806843664 0.525640145157 0.486215460565 0.562143723152 0.755718198472
77 0.650265981093 0.873829166017 0.279205752951 0.979084237943 0.0999588734252 0.853203152395 0.398156889656 0.0801684031058 0.274964924167 0.452954544814 0.79314179438 0.86004155716 0.134513936212 0.522282543754 0.65114053355 0.347419929332 0.873225165506 0.278019378348 0.0180255501643 0.0403768866066 0.680983747516 0.559118918121 0.94756950688
78 0.844482206945 0.757997191113 0.420288214691 0.259530445653 0.511314316671 0.405135998223 0.782392406793 0.301541289821 0.476515615404 0.583889849946 0.9085578489 0.504646599721 0.281175049134 0.756407620607 0.619150568077 0.251176921319 0.910024384598 0.982769077829 0.8108917042 0.901239302754 0.310234093001 0.730396195576 0.899169032675
79 0.449857616122 0.660735897516 0.995994560597 0.917073553183 0.79353200165 0.0834332229033 0.613210191518 0.485652838589 0.630318796309 0.845308006686 0.243447919248 0.732103290875 0.116116139588 0.220018373792 0.79362451411 0.332388297034 0.815246888812 0.101497927967 0.146248085104 0.696916642377 0.045725966073 0.572727609904 0.910712083609
80 0.289854815869 0.189426706333 0.186524570305 0.6112331619 0.658036543442 0.476037775538 0.0905776445339 0.75760435733 0.877071025251 0.923996742795 0.84297582956 0.897481045876 0.922440654133 0.540236849859 0.391253234259 0.705969055831 0.275811359003 0.812071217578 0.849318706925 0.894934757103 0.590658055154 0.951327566506 0.578760298627
81 0.84409182784 0.757512569616 0.419872262967 0.257894909308 0.512139532701 0.404192123402 0.784553491664 0.302234431305 0.476716436587 0.583572199574 0.908048218371 0.503771192793 0.282288833669 0.755798155385 0.617904000124 0.250914891401 0.91037114128 0.982188969894 0.811225674898 0.901557953613 0.311164310568 0.729824121474 0.89929677543
82 0.450493908478 0.658413099962 0.995274522199 0.915571676551 0.792702773484 0.081750424602 0.612132493866 0.485884884513 0.630601579134 0.84493244361 0.243532627456 0.7323952537 0.116917237654 0.221500214554 0.793416597338 0.333054298047 0.815716559441 0.10005028146 0.147264891285 0.697487424148 0.0456107260665 0.573924847665 0.909067859411
83 0.534106785272 0.680229583883 0.0274544432477 0.634595146427 0.605974737361 0.57500263409 0.390276498059 0.369414110872 0.981263579512 0.0368581623112 0.0218208727186 0.961754785703 0.184271563578 0.123843381813 0.209562401714 0.8014199376 0.9387817866 0.023288595999 0.425262169058 0.101227428298 0.259630946433 0.220720671813 0.645778061991
84 0.450552479522 0.659804117715 0.99729209721 0.918344795429 0.792720685617 0.0812461779524 0.613771898145 0.486640227564 0.630320235015 0.846345187578 0.242901211949 0.730768240093 0.116498756372 0.219878742607 0.796083204803 0.333054423527 0.815225077532 0.10081632986 0.147467593891 0.697302452354 0.0427914297617 0.573948528268 0.909697871782
85 0.649871673435 0.872867293317 0.279388344727 0.979581567461 0.0999038114688 0.853745791668 0.396556330822 0.0812864452429 0.275050775598 0.451619836053 0.792300520866 0.861033367869 0.132783607159 0.520471930878 0.651880146938 0.348197719998 0.873451691903 0.277807465908 0.0171011540374 0.0403705508056 0.681199196801 0.558951077026 0.947345700572
86 0.190522387783 0.567880784624 0.239010469273 0.966901461067 0.803195499546 0.44791115507 0.0798509161627 0.321469552485 0.508700524837 0.93178747958 0.107317664242 0.551896614152 0.707943643367 0.548368918018 0.814567519712 0.539896514394 0.963888083709 0.603423200928 0.587069187004 0.44592467688 0.595592905298 0.385805340792 0.574444539587
87 0.414412234263 0.650765248108 0.00184193492345 0.19271089595 0.334347092427 0.239387059632 0.638003050956 0.379268304622 0.87605986766 0.568319384741 0.41449359101 0.402723981977 0.701199374804 0.419643577878 0.662322394298 0.0478597233798 0.445239082411 0.258105745364 0.157948302698 0.528219259025 0.487135918899 0.562330412354 0.756001541369
88 0.350192136832 0.180986196259 0.503928081441 0.0409540825034 0.100454661391 0.989449892147 0.200183631267 0.358196095706 0.729957130645 0.837562937824 0.9186739631 0.170164571485 0.672075125641 0.966582436178 0.05758224917 0.676937762172 0.845762110232 0.341893735231 0.251483744431 0.595955283278 0.443555655007 0.174752687409 0.470888907308
89 0.683749842349 0.471234679143 0.100816734571 0.434335001207 0.610214227619 0.912405053595 0.965913230986 0.476654104521 0.86457556654 0.260638566975 0.805820229375 0.54918643327 0.0148533423501 0.720482412288 0.398821876796 0.824389411306 0.668320454696 0.00167471028703 0.492952791434 0.867157511984 0.244630928199 0.324589617896 0.86995049894
90 0.844337240112 0.758260828165 0.420414745401 0.259255291452 0.511636254061 0.403984138706 0.783300727266 0.302628054356 0.476910578323 0.58301157376 0.907659137519 0.505021639945 0.280817321719 0.755659007142 0.618259461467 0.249781044704 0.910808117288 0.983081015546 0.811256576982 0.902965494505 0.310019490214 0.729316354436 0.898779921474
91 0.84449323591 0.758800319513 0.419438871705 0.258046407493 0.511107723731 0.405584230613 0.783595030795 0.302221492915 0.476256735251 0.581881153678 0.908441696062 0.504891723824 0.280803423517 0.755827979931 0.61806098215 0.25005875093 0.910858172632 0.984064344284 0.810226120871 0.902308181893 0.30996140794 0.730719098416 0.898014167733
92 0.683068414324 0.471483436296 0.100668555415 0.434059501862 0.610186741897 0.913194722695 0.966152035045 0.477921413753 0.865279569725 0.25941965494 0.805584212987 0.54855309954 0.0141810049553 0.719127915705 0.399048235842 0.824358486412 0.667373557918 0.00156287931687 0.492814894732 0.867841553514 0.244263875875 0.324675266133 0.870211522465
93 0.191451384842 0.567363545634 0.23942076385 0.967071549955 0.804504104818 0.447415109852 0.0801898088234 0.320861836013 0.508558088704 0.933200464352 0.109368448299 0.55111320915 0.706567495357 0.547662856518 0.815197944591 0.539409186943 0.963126496788 0.602737846399 0.587554152519 0.445984627893 0.595896495471 0.383626098341 0.576201204425
94 0.410802897789 0.568055036291 0.508008453236 0.309588970955 0.356943314087 0.837041084797 0.250077090973 0.561017036925 0.0124708570154 0.740542124361 0.335155908032 0.0463558313688 0.281725044695 0.240851541437 0.954181138022 0.352678093665 0.286934838961 0.359754917249 0.947157585438 0.633644551698 0.621914382549 0.715804757232 0.387047454621
95 0.649157850542 0.873253218812 0.28024163203 0.978481041337 0.0996484859923 0.854866314163 0.396573278099 0.0814464566026 0.274552856024 0.453513613846 0.792506202483 0.860366673813 0.134362929689 0.522064732274 0.650935171592 0.347694711709 0.872766681674 0.277503825591 0.0177751890735 0.0410971850577 0.682170133488 0.558201277525 0.946268100633
96 0.648193495542 0.874215428664 0.279692172253 0.977510267589 0.100541356003 0.854027283304 0.397777156292 0.0818728837363 0.274346947007 0.45242371824 0.792947641509 0.860544787871 0.13412726818 0.522097836553 0.6512005652 0.346822198926 0.872886113433 0.277492902804 0.019049760332 0.0398399451548 0.680615963395 0.558405050792 0.946580611571
97 0.683549698442 0.472526061 0.0998574187384 0.4342526829 0.610487920436 0.912972349011 0.964764582901 0.477039765521 0.865372534432 0.260609638393 0.804402689781 0.549699739876 0.0142733961986 0.719427288968 0.399458546551 0.824971091432 0.666935904541 -2.99384453675e-05 0.492945566164 0.868745710271 0.244659167512 0.325976700859 0.870471523571
98 0.650536918533 0.872585100314 0.280394992622 0.977626670371 0.101340572422 0.85309740589 0.397228713649 0.0823015256661 0.274632272842 0.452655244917 0.792440147414 0.86223098576 0.133135226172 0.520532191367 0.649739706363 0.347137319951 0.872930200802 0.278621767448 0.0187215634004 0.0412137563686 0.680140252366 0.558064178587 0.947374224639
99 0.350288569818 0.180306834767 0.503841071866 0.0396405537758 0.100937226582 0.987410846725 0.199587652368 0.359245172089 0.73119325268 0.837595719344 0.91678562576 0.168921800639 0.672356371189 0.966754500445 0.0589944555272 0.676954167031 0.845282514462 0.34265573625 0.250964722057 0.595241262291 0.443146437132 0.175443300579 0.471591705864
100 0.883311781245 0.494254456148 0.31131251813 0.46718533201 0.809546581656 0.875234381755 0.812015141615 0.187726451642 0.998482416344 0.632962217721 0.0834162870309 0.726018403838 0.987272313809 0.401313828989 0.677977146458 0.316146986353 0.214263433927 0.716341550216 0.00258944748064 0.822061766364 0.528082074353 0.0965697512696 0.119518322406
101 0.351296982547 0.180129730101 0.503449328593 0.0402604671881 0.0994714615843 0.988484405533 0.199234257754 0.357011138093 0.73148302709 0.837764043628 0.918417858796 0.169869402584 0.673809422424 0.965437956266 0.0579783131766 0.676347566013 0.844117773606 0.342525690436 0.25035894003 0.595712917003 0.442659357547 0.17486534797 0.471444655357
