0 0.89829 0.92315 0.54058 0.39123 0.70526 0.27571 0.81158 0.84951 0.89518 0.58977 0.94980 0.57978 0.45053 0.66028 0.99638 0.91691
1 0.49454 0.31200 0.46694 0.80885 0.87507 0.81238 0.18789 0.99937 0.63316 0.08352 0.72549 0.98671 0.40174 0.67856 0.31629 0.21362
2 0.83997 0.91063 0.40800 0.67557 0.51258 0.50237 0.88281 0.44296 0.20262 0.06501 0.58084 0.57966 0.93294 0.94985 0.73423 0.37605
3 0.23862 0.96755 0.80319 0.44800 0.08044 0.32004 0.50798 0.93284 0.10902 0.55128 0.70659 0.54744 0.81449 0.54029 0.96382 0.60321
4 0.84445 0.75790 0.42052 0.25892 0.51130 0.40493 0.78380 0.30334 0.47665 0.58337 0.90813 0.50468 0.28183 0.75581 0.61840 0.25054
5 0.35378 0.63045 0.55773 0.23258 0.53930 0.38041 0.83049 0.48378 0.24837 0.28100 0.81194 0.28455 0.20169 0.60994 0.21275 0.73788
6 0.89802 0.92307 0.54055 0.39134 0.70526 0.27562 0.81176 0.84953 0.89494 0.58984 0.94972 0.57965 0.45053 0.66024 0.99621 0.91693
7 0.12381 0.21048 0.80074 0.93695 0.02284 0.42572 0.10167 0.25991 0.22080 0.64705 0.35026 0.18049 0.50377 0.03930 0.10099 0.98805
8 0.19977 0.40253 0.67013 0.77891 0.75671 0.26658 0.67448 0.67558 0.32806 0.58088 0.43637 0.49123 0.21106 0.30891 0.66227 0.24153
9 0.71730 0.00233 0.82272 0.52835 0.09775 0.11890 0.64926 0.87364 0.28001 0.97851 0.10020 0.85393 0.39668 0.08134 0.27471 0.45296
10 0.49466 0.31209 0.46689 0.80919 0.87500 0.81246 0.18806 0.99943 0.63304 0.08339 0.72561 0.98684 0.40187 0.67845 0.31613 0.21348
11 0.58760 0.44498 0.59631 0.38492 0.57565 0.29032 0.18940 0.18674 0.61274 0.65669 0.47652 0.08983 0.75760 0.87675 0.92335 0.84247
12 0.12388 0.21056 0.80083 0.93704 0.02284 0.42554 0.10157 0.25975 0.22107 0.64676 0.35023 0.18021 0.50361 0.03932 0.10077 0.98817
13 0.87543 0.56812 0.41441 0.40226 0.70181 0.41824 0.66218 0.04676 0.44535 0.25921 0.15766 0.52755 0.48728 0.56139 0.75551 0.88387
14 0.12393 0.21059 0.80064 0.93692 0.02272 0.42559 0.10137 0.25998 0.22075 0.64696 0.35025 0.18032 0.50354 0.03945 0.10101 0.98836
15 0.79331 0.08235 0.61281 0.48648 0.63015 0.84508 0.24305 0.73148 0.11713 0.22045 0.79462 0.33254 0.81591 0.10061 0.14632 0.69767
