1800
1775
1832
1819
2005
1956
1744
1837
1777
1910
1880
1871
1928
1893
1844
1761
1864
1836
1891
1875
1928
1990
1881
1724
1806
1945
1854
1791
1864
1736
1761
1875
1754
1923
1864
1847
1854
1900
1864
1799
1790
1975
1920
1927
1928
1938
1843
1841
1886
1870
1800
1782
1888
1830
1832
1917
1812
1791
1792
1913
1817
1875
1923
2058
1876
1870
1774
1759
1845
1879
1706
1852
1824
1917
2052
1858
1921
1760
1777
1844
1812
1979
1929
1812
1812
1935
1922
1902
1830
1881
1883
1865
1771
1846
1774
1914
1949
1868
1804
1907
