1725
1643
1462
1842
1541
1828
1631
1407
1839
1730
1655
1552
1621
1720
1432
2299
1693
1530
1887
2272
1640
1683
1501
1516
1479
1746
1661
1688
1657
1559
1752
1577
1779
1740
1638
1803
1944
1756
1664
1725
1601
1826
1755
1701
1903
1539
1645
1803
1715
1730
1655
1513
1435
1676
1777
1849
1421
1906
1649
1616
1642
1755
1627
1794
1689
1675
1708
1624
1485
1633
1362
1768
1738
1624
1854
1735
1754
1736
1764
1568
1769
1979
1655
1436
1560
1351
1722
1498
1728
1568
2040
1631
1452
1648
1604
1720
1584
1503
1614
1731
