3959
3972
4296
4209
4004
3953
4148
4080
4010
4080
3976
4037
4192
3971
3911
4056
4520
4070
4037
3926
4242
4257
3913
4069
4268
4424
4188
3955
4063
3904
4191
3976
3998
3960
4038
4017
4455
4360
3990
4976
2264
2240
2364
2180
2244
2228
2284
2240
2202
2240
2205
2180
2201
2265
2632
2765
2625
3321
3281
3340
3336
3385
3291
3292
3328
4234
4230
4097
4163
3949
3962
3981
4496
4182
3994
4680
4372
3968
4067
4177
4000
3898
4660
4035
4059
4192
4000
4841
4457
4086
4006
3978
4068
4184
4063
4046
3911
4104
4084
4047
