1772
1758
1984
1797
1854
2062
1933
1840
1815
1775
1840
1880
1902
1913
1781
1847
1740
2006
1973
1714
1953
1829
1879
1834
1842
1833
1981
1966
1893
1848
1822
1745
1845
1981
1786
1878
1820
1849
1969
1768
1780
1766
1666
1816
1719
1818
1861
1749
1845
1855
1931
2031
2035
1845
1994
1927
1880
1656
1776
2042
1735
1889
1905
1871
1839
1848
1787
1812
1848
1882
1773
1763
1914
1856
1828
1804
1762
1747
2029
1779
1865
1984
1766
1787
1831
1967
1834
2050
1801
1817
1920
1830
1743
1797
2027
1818
1884
1799
1762
1793
