1752
1819
2110
1528
2015
1997
1646
1688
2119
1551
1955
1800
1845
1857
1852
1777
1800
1772
1955
2101
1559
2153
1623
1661
1659
1689
2077
2003
1992
1829
2067
3117
2092
1941
1941
1748
1856
1608
2029
1716
1947
1893
1909
1898
1765
2141
1847
2952
2113
1758
1797
1681
2199
1863
1868
2032
2012
2042
1605
2040
2103
2402
2028
1806
2155
2081
2180
1830
1986
3107
1792
2968
2177
1787
1887
2148
1782
2085
2128
1546
1932
1969
1860
1686
2941
1682
2976
2042
1756
1698
1869
2272
1938
2031
2128
1907
2020
1860
1843
1878
