1512
1514
1224
1462
1606
1544
1660
1338
1709
1595
2320
1550
1426
1476
2660
1740
1438
1251
1719
1472
2172
1266
1639
1644
1397
1273
1740
1719
1537
1751
1870
1538
1462
1496
2523
1755
1775
1758
1480
1609
1633
1831
1480
1849
1241
1668
1993
1524
1458
1857
2587
1518
1508
1368
1737
1347
1675
1790
1771
1403
1441
1563
1610
1680
1529
1625
1626
1477
1581
1395
1747
2020
1442
1763
2046
1614
1807
1585
1559
1692
1676
1609
1174
1736
1445
1717
2338
1867
1523
1865
1181
1488
1648
1799
1581
1460
1778
1590
1539
1693
