1687
1494
1661
1569
1740
1567
1717
1582
1506
1445
1879
1586
1576
1552
1645
1484
1470
1572
2233
1722
1596
1686
1597
1705
1789
1603
1742
1599
2096
1457
1489
1663
1735
1597
1739
1531
1777
1577
1791
1543
1622
1418
1452
1502
1514
1562
1682
1493
1573
1486
1517
1612
1401
1662
1483
1634
1611
1510
1549
1581
1591
1612
1287
1754
1470
1542
1513
2373
1679
1563
1569
1721
1596
1545
1435
1705
1536
1512
2137
1383
1659
1266
1679
1484
2469
1588
2245
1580
1583
1474
1549
1618
1490
1484
1474
1549
2130
1562
1611
1655
