1771
1680
1851
1763
1810
1670
1766
1772
1724
1684
1734
1664
1817
1862
1760
1685
1696
1818
1806
1780
1799
1450
1730
1718
1709
1707
1776
1828
1786
1701
1788
1709
1680
1787
1764
1818
1701
1759
1715
1771
1814
1779
1800
1784
1750
1695
1752
1774
1787
1705
1799
1712
1702
1715
1683
1785
1744
1792
1805
1772
1693
1825
1828
1700
1808
1837
1751
1822
1793
1776
1782
1780
1796
1812
1852
1843
1716
1818
1822
1776
1735
1803
1711
1905
1682
1739
1723
1807
1854
1772
1771
1774
1665
1802
1790
1843
1823
1748
1728
1754
