1692
1646
1825
1821
1795
1712
1821
1665
1630
1709
1690
1869
1742
1733
1516
1658
1719
1850
1684
1885
1853
1650
1741
1691
1659
1887
1794
1888
1956
1677
1788
1924
2028
1698
1733
1699
1544
1639
1592
1606
1550
1817
1801
1731
1468
1695
1798
1836
1741
1584
1797
1937
1617
1668
1659
1788
1793
1695
1590
1710
1681
1584
1576
1654
1639
1727
1537
1707
1797
1773
1837
1615
1643
1593
1713
1638
1622
1637
1651
1649
1681
1937
1768
1575
1576
1717
1671
1633
1689
1748
1827
1598
1775
1729
1643
1877
1807
1786
1798
1640
