1698
1725
1312
1244
1799
1618
1536
1583
1519
1566
1356
1645
1622
1593
1827
1875
1391
1716
1437
2606
1938
1493
1513
2555
1760
1417
1456
1925
1434
1877
1564
1352
1976
1436
2847
1302
1747
1309
1647
1746
1696
1549
1592
1554
1627
1782
2084
1632
1676
1665
1486
1677
1363
1628
1663
1453
1519
1476
1698
1637
2492
1338
1645
1819
1422
1710
1320
1965
1681
1811
2003
1590
1779
1482
1790
1724
1199
1590
1752
1486
1667
2488
1700
2527
1399
1686
1660
1524
1881
1427
1751
1269
1705
1511
1580
1752
1674
1781
1681
1681
