1536
1602
1457
1277
1541
1485
1586
1794
1654
1539
1541
1523
1584
1486
1499
1564
1562
1511
1474
1541
1506
1553
1553
1550
1484
1544
1522
1609
1476
1477
1478
1685
1531
1490
1520
1883
1588
1744
1530
1499
1528
1646
1547
1403
1521
1546
1509
1539
1523
1517
1582
1519
1499
1454
1495
1415
1522
1552
1591
1508
1553
1495
1600
1532
1411
1573
1592
1507
1584
1522
1579
1530
1595
1529
1555
1345
1537
1539
1541
1481
1581
1555
1497
1649
1718
1696
1491
1491
1494
1682
1505
1428
1533
1556
1572
1472
1436
1516
1463
1481
