2396
2030
2017
2197
2518
2114
2093
2417
2118
2031
1929
2318
1697
1925
1871
2830
1762
3397
2147
1843
2465
2240
2230
1809
2019
2014
2297
1964
1808
2315
2277
2474
1687
2159
1991
2276
2856
2088
2117
2479
2132
2277
2198
1962
2218
2147
2031
2170
2257
2324
2126
2243
2133
2101
2216
2201
1883
1769
2435
2469
2811
1742
2430
2004
2589
2403
2117
2330
3152
2342
2082
2208
3267
2153
2329
2027
2272
2536
2271
3093
2519
2250
2196
2154
2441
1794
1730
1693
2181
2242
2166
2121
2135
2357
2099
2162
2326
2087
2246
2144
