1981
1981
2010
1979
1893
1908
2003
1908
1993
1927
2027
2088
1988
2038
2077
2031
1991
2078
1914
1980
2042
1963
2007
1875
2149
2016
2041
1920
2083
2071
1980
2106
1988
1848
1965
1935
2158
2121
1950
1963
1983
2035
2015
2179
2054
2073
2081
1928
2136
1919
1882
2080
2123
1906
2003
2092
1973
2042
2083
2081
1934
2007
2218
2108
1997
2159
1985
2010
1998
2070
2016
1928
2076
2197
2118
1993
2045
2036
2034
2009
1986
1953
2058
1996
1882
2069
2007
2001
1898
1951
2001
2096
2154
1914
2018
1967
2090
2018
2025
2058
