1716
1926
1978
2416
2882
2025
1859
1895
1882
1476
1606
1834
2054
1520
1737
1939
1975
1938
1992
1832
1641
1717
1697
1947
1624
1995
1482
1838
1826
1817
3005
1873
2000
1991
1966
2590
1806
2085
2384
1890
1915
2979
1601
1948
1743
1946
1760
2225
1883
2528
1734
2005
2089
1728
2082
2589
2555
2109
1509
1680
2101
2049
1840
1620
1488
1673
1956
1399
2008
1878
1955
2058
2857
1780
1806
2006
1560
3117
1877
1857
1638
2041
1651
2003
1893
1836
1869
1890
2066
1986
1462
1995
2096
1406
2088
1967
1753
1981
1991
2416
