1566
1460
1367
1410
1351
1424
1448
1283
1335
1411
2215
1328
1499
1358
1410
1432
1998
1617
1353
1387
1348
1460
1439
1254
1283
1263
1419
1453
1458
1520
1471
1451
1540
1534
1469
1447
1585
1521
1490
1371
1360
1412
1579
1425
2197
1494
1360
1385
1515
1526
1255
1497
1451
1375
1569
1667
1537
1432
1503
1445
1411
1428
1508
1532
1523
1344
1533
1943
1710
1417
1533
1535
1394
1472
1422
1421
1395
1474
1480
2073
1340
1369
1403
1339
1540
1362
1408
1583
1483
1423
1391
1594
1602
1412
1462
1347
1495
1454
1938
1537
