1976
2005
1954
2299
2347
2209
2234
2373
1709
2059
2230
1991
2110
2182
2278
2505
2045
3084
2836
1753
2066
2112
2252
1724
2477
2069
3232
1879
2255
2168
2040
2287
1866
2038
2038
2100
1840
2125
2371
1625
2123
1953
2128
2100
2154
1832
2094
2152
1874
2209
1865
2147
1922
2287
2267
2174
2432
2218
2091
2080
2161
2271
1897
2952
3157
1988
2335
2154
2739
1950
2422
2124
2410
2241
1723
2885
1884
2061
2155
2037
2419
1814
2083
2391
1802
1823
1801
1869
2546
1784
2166
2179
2031
2127
2305
1987
1880
2043
1986
1706
