3956
3757
3718
3756
3786
3768
3774
3768
3790
3702
3797
3581
3594
3472
3524
3668
3488
3619
3544
3861
3516
3634
3590
3577
3772
3418
3448
3597
3580
3485
3399
3533
3495
3698
3505
3500
3620
3674
3519
3653
3467
3492
3649
3513
3608
3545
3650
3458
3566
3602
3509
3487
3529
3747
3728
3423
3527
3741
3858
3488
3572
3494
3591
3583
3957
3828
3682
3462
3692
3435
5108
3613
3531
3594
3474
3624
3527
3557
3836
4209
3756
3757
3821
3794
3507
3477
3721
3591
3435
3519
3763
3920
3483
3458
3554
3501
3563
3653
3535
3503
