1530
1798
1606
1617
1632
1454
1323
1630
1449
1535
1571
1609
1553
1385
1489
1614
1694
1610
1320
1559
1610
1572
1352
1479
1146
1455
1458
1234
1577
1557
1518
1418
1414
1489
1492
1315
1619
1129
1505
1257
1503
1191
1615
1528
1544
1620
1257
1320
1414
1530
1493
1316
1475
1312
1647
1568
1401
1593
1380
1438
1469
1406
1522
1238
1279
1587
1481
1668
1678
1629
1136
1463
1498
1557
1499
1644
1260
1556
1236
1532
1294
1256
1482
1691
1556
1430
1437
1291
1411
1623
1599
1624
1537
1543
1510
1533
1288
1477
1538
1643
