2051
2550
2237
2281
2516
2383
2050
2300
2046
2297
2357
2486
2404
2564
2236
2475
2428
2409
2605
2079
2618
2248
2259
2166
2671
3206
3294
2343
2353
2065
2769
2658
2561
2360
2388
2518
2324
2040
2382
2402
2477
2350
2240
2392
2111
2331
2433
2525
3421
2395
2213
2737
2391
2762
2468
2518
2349
2137
2414
2454
2683
2466
2385
2798
2376
2089
2509
2473
2363
1954
2413
2755
2474
2178
2307
2468
2375
2630
2134
2871
2124
2464
2185
2009
2307
2440
2516
2334
2229
2476
2470
2620
2325
2027
2456
2309
2604
2198
3185
2084
