2650
2552
2794
2686
2704
2774
2730
2649
2630
2602
2564
2528
2465
2558
2560
2573
2508
2525
2577
2536
2583
2555
2509
2809
2508
2496
2467
2517
2540
3984
2899
2722
2586
2483
2638
2509
2461
2509
2445
2495
2523
2569
2498
2643
2450
2482
2533
2685
2685
2611
2783
2758
2740
2626
2807
2523
2500
2486
2673
2705
2712
2687
2719
2784
2523
2412
2866
2645
2571
2719
2519
2668
2578
2453
2562
2530
2553
2752
2541
2511
2859
2561
2639
2774
2424
2483
2510
2536
2415
2697
2545
2563
2611
2800
2517
2581
2705
2532
2687
2702
