2931
2059
1999
2044
2167
1721
2245
2082
1650
1773
1611
2056
1813
1900
1902
1697
1664
1925
1847
2257
1915
2111
2045
1948
2073
2119
2022
1812
2153
1979
2023
1862
1966
1955
2092
2607
1671
2041
1909
1805
1728
2041
1871
1817
1891
1886
1932
1807
2431
2060
2089
1818
2092
1711
2128
1980
2377
1761
2175
1851
1952
1767
2147
1636
1796
1897
1594
1907
1938
1812
1664
1791
1672
1705
2046
3094
1915
2072
1789
1680
1864
1947
1751
1994
2080
2268
2866
1760
1929
1780
2066
2005
1941
2009
2053
1874
1678
3226
2140
2010
