2206
2216
2390
2278
2167
2189
2405
2338
2123
2236
2401
2298
2309
2196
2366
2080
2483
2238
2270
2334
2268
2343
2330
2232
2223
2266
2267
2335
2244
2260
2527
2339
2190
2322
2267
2294
2247
2315
2206
2340
2337
2245
2220
2261
2351
2191
2250
2261
2341
2181
2144
2286
2290
2209
2284
2307
2386
2348
2329
2299
2350
2317
2210
2311
2317
2174
2211
2237
2210
2236
2277
2341
2216
2198
2251
2156
2325
2117
2314
2343
2359
2108
2249
2195
2168
2239
2288
2319
2272
2160
2287
2457
2082
2132
2267
2237
2277
2232
2252
2271
