1728
1904
1878
1925
2012
2121
1812
1845
1885
2024
1988
1891
1938
1910
1924
1931
1955
2134
1919
2082
1822
2039
1962
1803
1807
1789
1798
1799
1973
1879
1883
1988
1979
1907
1841
1847
1972
1914
1831
1907
2040
1843
1867
1920
1932
1924
1814
1896
2037
1913
1954
2001
1909
1814
1918
1869
1787
1861
1953
1861
1884
1948
1805
1845
1792
1725
1901
1980
2302
1793
1996
1961
1892
1961
1785
1938
1950
1838
2010
1880
1882
1979
1958
1999
1845
1796
1888
1893
1785
1878
1930
2058
1926
1915
1726
1781
1937
1913
1939
1958
