2009
2067
2052
2205
1400
1534
1587
1570
1943
2121
2078
2030
2322
2092
2040
2003
2059
1928
1990
2035
2053
1908
2018
2102
1998
2215
2231
2232
2188
2285
2024
2161
2117
1937
2026
2086
2222
2111
2165
2058
2304
2152
1969
2041
2163
2227
2199
2279
2131
1903
2118
2174
2005
2042
2073
2141
2054
2114
2039
2101
2147
2101
2052
2199
2049
2228
2068
1919
2051
2020
1986
2340
2021
2244
2167
2207
2200
2032
2084
1992
2127
2053
2207
2197
2103
2108
2001
1973
2102
2274
2133
2038
2068
2249
2176
2113
2144
2022
2048
2336
