2352
1599
1496
1611
1733
2085
1727
2536
1646
1791
1871
1956
1657
2250
1778
1744
1866
1936
1797
1825
1687
1806
1948
2130
1781
1365
1702
2051
1818
1810
1788
1695
1683
1764
1847
1862
1652
1454
1554
1550
1808
1650
2036
1880
1882
1782
1928
1830
1776
1712
1708
1619
1649
1813
1626
1764
1882
1640
1814
1637
1504
1983
1455
1578
1859
1510
1750
1774
1775
1516
1940
1849
1651
1739
1597
1776
1563
1692
1577
1967
2017
1955
1843
2578
2051
2615
1685
1900
1894
1941
1751
1904
1677
1654
1917
1837
1671
1857
1911
1816
