3285
3356
3282
3269
3240
3299
3232
3219
3485
3273
3411
3462
3243
3248
3308
3284
3191
3318
3410
3859
3416
3503
3231
3437
3305
3361
3245
3259
3294
3411
3343
3465
3353
3388
3452
3378
3257
3410
3517
3220
3446
3219
3456
3250
3353
3263
3430
3269
3384
3259
3252
3335
3313
3265
3369
3234
3278
3180
3313
3494
3408
3321
3446
3303
3677
3642
3548
3335
3357
3642
3679
3379
3239
3290
3351
3253
3261
3522
5225
3610
3424
3520
3651
3249
3397
3498
3253
3223
3313
3329
3238
3245
3293
3561
3324
3499
3259
3464
3309
3259
