2501
2449
2297
2276
2394
2353
2405
2167
2166
2359
1948
2371
2370
2090
2257
2180
2433
2155
2181
2084
2245
2478
1948
2465
2597
2460
2625
2077
2394
2258
2080
2123
2351
2482
2379
2065
1910
2257
2278
1945
2150
2492
2604
2717
2444
2039
1860
2415
2183
2315
2138
2453
2066
2374
2381
1983
2229
2511
2241
2203
2481
1948
2380
2309
2069
2212
2584
2415
2087
1923
2337
2497
2540
2376
2509
2171
2153
2498
2176
3492
2533
1911
2335
2457
2400
2256
2168
2340
2359
1956
2334
2040
2383
2465
1999
2196
2301
2542
2450
2223
