1938
2221
2021
2112
2133
2099
1675
2705
2084
2035
1711
2177
1725
1924
2284
3166
2045
2157
1607
2170
2142
2008
2128
2192
2060
1894
1878
2290
1899
2139
2011
2136
1954
1986
2130
1885
2186
1825
1752
1967
2007
2066
2150
2116
1737
2067
2217
2000
2268
2123
1715
1963
2724
1981
1853
2020
1917
1770
1652
1691
2239
1781
1944
1739
2002
2065
2141
2034
2155
1995
1743
1957
2025
1678
1776
2058
2109
2020
2270
2155
3142
2095
1627
2064
2213
1943
2020
2229
1752
1601
1926
2201
2516
2256
2041
1737
1892
1926
2118
1999
