1655
1604
1560
1547
1525
1589
1515
1690
1602
1617
1613
1592
1569
1560
1592
1614
1577
1633
1615
1549
1591
1696
1583
1593
1535
1602
1567
1619
1666
1421
1570
1612
1497
1562
1462
1535
1575
1567
1640
1513
1664
1584
1672
1555
1535
1574
1632
1479
1603
1603
1580
1596
1705
1606
1572
1449
1506
1562
1589
1557
1599
1642
1598
1566
1540
1617
1613
1574
1582
1545
1595
1569
1608
1605
1591
1485
1624
1623
1487
1530
1633
1584
1616
1523
1535
1536
1530
1595
1471
1557
1566
1538
1631
1633
1626
1475
1588
1512
1480
1608
