2742
1967
1927
1871
1528
1655
1945
1872
1485
1935
1582
1831
1651
1745
2892
1944
1877
1801
2020
2049
2141
1808
1913
1905
1977
1942
1857
1751
1993
1466
1648
1818
1924
1482
1822
1934
2637
1686
1671
1952
1620
1626
1601
1717
1744
1978
1772
1523
1559
1784
1514
1941
1831
1784
2420
1984
2009
1986
1942
1627
2066
1991
1475
1657
1669
1760
1638
1734
2005
2096
1832
1651
1607
1979
1835
2042
1658
2176
2265
2412
1806
2016
1981
1900
2024
1633
1504
2064
1734
1694
1684
1997
1916
2031
1880
1900
2005
1786
1920
1842
