1843
1640
1857
1835
2778
2705
1731
2438
2067
1611
1899
1628
1661
1994
1836
1842
1469
2058
1767
2887
1885
1481
1360
1748
2103
1429
1957
1627
2726
1851
1490
1919
1702
1378
2044
1732
2030
1358
1917
1394
1558
1380
1601
1597
2001
1844
1702
2083
1670
1749
1754
1891
1518
1844
1914
2474
1467
1869
1418
1810
1676
2023
1774
1263
1563
1538
2052
1413
1828
1402
1831
1624
1636
1457
1421
1554
1711
1996
1654
1559
1803
1685
1859
1633
1729
1798
1727
1906
1799
1980
1538
1786
1891
1764
2436
2023
1480
1509
2142
1755
