2708
2699
2614
2494
2676
2563
2771
2540
2656
2433
2431
2620
2502
2658
2479
2616
2526
2715
2602
2549
2388
2488
2611
2509
2526
2608
2390
2604
2377
2576
2513
2676
2409
2588
2628
2469
2389
2569
2622
2575
2703
2412
2366
2558
2595
2625
2702
2521
2418
2656
2630
2412
2598
2253
2453
2679
2609
2606
2498
2653
2677
2442
2557
2652
2527
2422
2592
2453
2516
2623
2465
2513
2485
2626
2338
2515
2421
2492
2792
2411
2747
2473
2592
2774
2608
2598
2564
2568
2746
2537
2529
2368
2471
2599
2650
2499
2413
2580
2555
2505
