1734
1972
1537
1715
1764
1804
1537
1630
1875
1824
1931
1818
1598
1558
1651
1697
1626
1577
1760
1672
1872
1661
1845
1522
1740
1467
2107
1622
1414
1915
1845
1640
1729
1891
1634
1821
1483
1768
1734
1508
1666
1721
1823
1612
1864
1860
1944
1601
1491
1707
2219
1842
1875
1966
1900
1500
1578
1689
1880
1823
1533
2531
1868
1643
1896
1820
1783
1525
1826
1553
1641
1517
1824
1894
1859
1746
1717
1843
1613
2262
2090
1424
1718
1790
1612
1940
1794
1646
1684
1693
1519
1764
1842
1857
1749
1672
1748
2558
1467
1596
