2305
2337
2365
2307
2345
2402
2284
2301
2352
2305
2294
2413
2359
2316
2420
2351
2224
2297
2344
2153
2270
2257
2322
2324
2396
2069
2432
2300
2335
2292
2304
2287
2269
2292
2232
2358
2304
2403
2315
2298
2373
2306
2357
2139
2372
2249
2065
2333
2129
2383
2373
2372
2248
2363
2342
2383
2310
2376
2385
2308
2382
2325
2283
2338
2373
2316
2298
2286
2335
2339
2279
2351
2306
2336
2304
2359
2302
2352
2311
2248
2153
2300
2354
2339
2270
2329
2332
2350
2231
2345
2387
2329
2383
2331
2310
2284
2307
2304
2377
2098
