1991
2143
2108
2101
2156
1981
2126
2089
2078
2045
1891
2076
1938
2099
2017
2019
2152
2049
2250
1934
1996
2106
2088
2017
2012
2032
2087
2192
2173
2036
2107
2048
2059
2163
2074
2120
2052
2049
2076
2107
2002
2015
2075
2120
2088
2167
2051
2133
1972
2048
2065
2047
1928
2089
2010
2219
2011
2051
2120
2157
1978
2038
2063
2129
1950
1910
1940
1893
2083
2065
1937
2005
2016
2023
1924
2058
2002
2141
2028
1984
1984
2002
2022
1952
2108
2160
2025
2049
2234
2045
2142
2023
2168
2206
2113
2173
2031
2129
1943
1990
