2155
2162
2150
2086
2166
2197
2229
2304
2109
2093
2046
2133
2124
1857
2111
2097
2216
2032
2009
2071
2166
1932
2225
2651
2149
2093
2145
2158
2144
2140
2232
2103
2247
2084
2111
2126
2068
2108
2238
2150
2155
2069
2128
2162
2140
2039
2059
2052
2101
2246
2246
2102
2136
2239
1935
2091
2093
2133
1988
2077
2034
2229
2354
2106
2407
2094
2105
1940
2176
2096
2282
1970
2182
2116
2174
2024
2002
2070
2209
2179
2156
2045
2133
2219
2066
2122
2106
2254
2236
2048
2167
2227
2077
2154
2190
2151
2134
2266
2115
2125
