2987
2934
2970
2930
2941
2777
2806
2665
2755
2691
2768
3055
2817
2730
2786
2994
3074
2971
2822
2993
2852
2755
2969
2997
2755
2759
2724
2935
2838
2711
2977
2763
2843
2757
2765
2755
2783
2674
2704
2916
2839
2870
2857
2754
2685
2739
2711
2987
3014
2750
2972
2946
2805
2977
2737
2825
2932
2926
2781
3086
2762
2758
2845
2827
2709
2756
2752
2919
2854
2885
2717
2985
2664
2901
2881
2813
3022
2905
3125
3043
2951
2911
2716
2761
2760
2680
2743
2828
2776
2824
2915
2709
2695
2725
2818
2792
2805
2688
2768
2964
