1580
1411
1136
1769
1227
1618
1337
1498
1408
1460
2054
1386
1501
1612
1169
1100
1649
1444
1659
1179
1058
1489
1202
2174
1266
1717
1665
1603
1348
1507
1597
1922
1486
1651
1445
1565
1446
1789
1464
1561
1358
1462
1183
1315
1618
1110
1692
1069
1422
1643
1430
1559
1787
1141
1651
1189
1648
1485
1360
1407
2321
1459
1224
1504
1605
1485
1864
1731
1148
1525
1427
1321
1514
1780
1944
1673
1607
1564
1068
1471
2437
1439
1222
1138
1488
1526
1491
1467
1240
1796
1501
2088
1641
2140
1708
1721
1262
1342
1377
1136
