1800
1630
1314
1540
1338
1485
1878
1577
1548
1707
1667
1630
1774
1699
2150
1285
1654
1635
1754
1496
1659
1857
1488
1623
1488
1275
1745
1624
1697
1787
1682
1280
1601
1524
1263
1634
1674
1824
1298
1580
2516
1510
1443
1249
1367
1738
1781
1550
1479
1790
1793
1570
1549
1378
1870
1488
1567
1636
1691
1681
1237
1782
1651
2171
1451
1574
2309
1589
1388
1353
1711
1426
1723
1634
1611
1453
1833
2299
1775
1506
1780
2013
1552
1617
1463
1784
1315
1505
1614
1937
1785
1743
1307
1338
1296
1757
1454
2167
1837
1241
