4386
4300
4190
4804
4316
4255
4191
4164
4465
4206
4192
4199
4301
4202
4277
4311
4251
4262
4523
4302
4305
4233
4276
4239
4319
4421
4314
4514
4286
4319
4191
4536
4193
4185
4325
4277
4227
4312
4356
4287
4333
4311
4179
5860
4468
4355
4234
4539
4207
4287
4252
4482
4176
4270
4237
4394
4156
4227
4236
4287
4729
4294
4289
4282
4625
4507
4363
4401
4153
4450
4242
4280
4488
4263
4532
4130
4339
4230
4211
4284
4197
4247
4498
4368
4221
4521
4989
4726
4281
4546
4612
4457
4292
4237
4405
4279
4215
4211
4245
4227
