3220
3053
3011
2913
2939
2995
3006
3017
3014
2971
3062
2942
3074
2947
3044
2961
3011
2926
3266
3008
3095
3006
3005
2973
3061
3067
2970
2964
4977
3106
3078
3162
3037
3214
3053
3063
3039
3077
2967
2956
3046
3068
2998
3061
3019
3003
2989
3139
2971
2982
3031
3006
3032
3006
3017
2923
2936
3206
3320
3083
3038
3044
3089
3075
3223
3153
2971
3248
3220
3361
3341
3011
3259
3052
3176
3161
3069
3024
3310
3233
3021
3037
3010
3104
3049
3189
3359
3184
3045
3044
3063
3036
3017
3342
2995
2954
3070
2965
3110
3161
