2467
2464
2285
2309
2400
2387
2326
2348
2288
2330
2373
2309
2423
2495
2323
2307
2214
2304
2351
2440
2547
2553
2382
2360
2410
2468
2363
2377
2367
2351
2292
2226
2361
2242
2328
2343
2424
2271
2462
2206
2258
2256
2366
2533
2545
2391
2386
2505
2177
2461
2217
2529
2369
2407
2456
2319
2472
2326
2542
2477
2260
2065
2402
2268
2222
2406
2412
2434
2445
2340
2387
2463
2246
2322
2360
2278
2309
2300
2414
2370
2408
2293
2233
2269
2480
2416
2409
2337
2399
2473
2248
2427
2289
2406
2310
2338
2115
2400
2187
2230
