1378
1503
1692
1475
1519
1697
1727
2146
2331
1670
1635
1522
1475
1481
2601
2617
1684
1842
1336
1683
1570
1682
1947
1297
2347
1453
1532
1588
1437
1452
1669
1630
1514
1626
1637
1463
1691
1489
1538
1612
1675
1533
1481
1879
1731
1447
1478
1508
1565
1662
1558
1492
1610
1486
1779
1718
1481
2112
1627
2088
1668
1557
1445
1585
1713
1533
1752
1601
1738
1522
1462
1619
1602
1499
1295
2253
1530
1735
1540
1734
1498
1697
1902
1493
1585
1737
1800
1365
2155
1624
1621
1590
1695
1473
1466
1812
1577
1722
1643
1345
