2385
2345
2286
2348
2286
2395
2282
2244
2486
2463
2301
2458
2281
2469
2423
2288
2461
2572
2498
2352
2435
2297
2261
2333
2360
2682
2371
2409
2221
2248
2333
2341
2234
2221
2271
2212
2292
2294
2252
2221
2326
2314
2181
2229
2477
2281
2506
2459
2257
2350
2456
2412
2382
2257
2209
2428
2269
2263
2235
2507
2553
2433
2449
2201
2476
2252
2186
2200
2204
2285
2324
2372
2421
2306
2412
2416
2382
2303
2369
2234
2228
2216
2172
2338
2142
2277
2303
2266
2421
2459
2311
2212
2253
2202
2185
2328
2280
2410
2315
2376
