1908
1991
1985
1980
1848
1984
2002
1883
1804
1988
1979
1797
2077
1913
2152
1947
2013
2061
1990
1976
2029
2023
1972
2055
1944
1903
1918
2017
1836
1965
2013
2068
1963
1811
1954
1936
1833
1956
1875
2000
2031
1932
1929
1934
1868
2161
2001
1990
1925
1920
1969
1853
1871
2009
2066
2271
1988
2000
1907
2018
2005
2016
1877
1904
1879
2042
2000
2105
1906
1991
2093
2091
1986
2286
1992
1854
2023
1871
1966
1815
2012
1965
2095
1980
2000
1954
2027
2023
1976
1897
1960
2049
1974
1881
2033
1854
1997
1915
1865
1946
