3786
4056
3702
3720
3685
4607
3674
3774
3637
3624
3935
3698
3762
3838
3637
3731
3692
3604
3696
4038
3759
3927
3705
3691
3846
3760
3735
3967
4054
3614
3967
3750
3892
3791
3847
3766
3913
3795
3813
3915
3779
3790
3717
3788
4276
3824
3732
3883
3743
3959
3795
4033
3936
3958
3783
3827
3929
3699
3811
3799
3732
3727
3680
3773
3714
3722
4090
3974
3784
3726
3725
3774
3625
3805
3957
3649
4287
3774
3945
4108
4104
4178
3904
3857
3673
3968
3735
3754
3782
3792
3803
3744
3762
3741
3689
3853
3780
3669
3669
3909
