1858
1818
1824
1728
1802
1825
1820
1747
1816
1961
1771
1826
1798
1917
1960
2083
1793
1719
1811
2067
1877
1876
1898
1964
1788
1928
2097
1708
1806
1825
1686
1781
1844
1808
1808
2073
2067
1973
1901
1907
2048
2026
1966
2076
1892
1882
1963
1714
2014
2137
1915
1889
1989
1969
1939
1841
2043
1780
1864
1810
1813
1863
1773
1672
1819
1923
1828
1853
1872
1958
1963
2006
1879
1967
2016
2163
1861
1950
1887
1804
1857
1775
1792
1733
1819
2018
1925
1964
1812
1874
1752
1971
1927
1969
1720
1857
1795
1879
1918
2012
