2541
2421
2512
2405
2592
2311
2495
2367
2368
2596
2430
2352
2366
2429
2449
2420
2676
2573
2452
2432
2531
2421
2534
2429
2426
2632
2421
2381
2556
2270
2450
2520
2406
2487
2533
2485
2525
2467
2440
2581
2365
2338
2354
2450
2398
2238
2294
2483
2550
2582
2573
2435
2571
2404
2420
2451
2475
2453
2422
2622
2438
2453
2384
2608
2544
2429
2331
2447
2632
2516
2441
2459
2418
2424
2542
2656
2421
2436
2428
2372
2399
2689
2568
2259
2578
2437
2543
2765
2576
2481
2297
2485
2467
2437
2501
2316
2482
2362
2430
2264
