1887
2144
2207
2260
2167
2273
1954
2226
2127
2091
2126
2261
2176
2275
2235
2206
2138
2200
2191
2180
2342
2069
2205
2189
2279
2383
2135
2078
2218
2374
2187
2230
2172
2167
2098
2295
2154
2070
2101
2120
2174
2179
2184
2156
2221
2058
2170
2180
2175
2153
2239
2172
2178
2202
2167
2134
2248
2087
2278
2164
2098
2172
2138
2222
2202
2261
2208
2109
2218
2099
2371
2023
2246
2105
2179
2315
2209
2177
2179
2413
2317
2244
2252
2006
2093
2204
2326
2295
2225
2108
2223
2215
2081
2238
2089
2121
2126
2163
2172
2167
