2762
4000
3409
2579
2291
2520
2453
3404
3736
2316
2436
2352
2696
2147
2392
2682
2535
2725
2047
3661
2333
2552
2247
2648
2213
2331
2726
2152
2453
2706
2361
2776
2546
2195
2440
2067
2033
2097
2319
2016
2506
2596
2556
2105
2483
2601
2659
2463
2730
2397
2146
2686
2344
2285
2571
2474
2050
2533
2214
2556
2267
2536
2245
2296
2605
2553
2382
2695
2500
2214
2595
2613
2423
2287
2412
2635
2219
2643
2387
2190
2379
2227
2212
2652
2402
2572
2549
2552
2359
2455
2878
2562
2100
2538
2231
2766
3590
2337
2552
2475
