2325
2063
2150
2335
1935
1903
2021
2364
2415
3198
2136
2194
2414
2010
2224
2389
1957
1908
2233
1974
2678
1958
1846
1885
2174
2435
2527
2018
2368
1834
2297
2769
1852
2172
2315
1996
2220
1865
2389
2230
2371
1954
2420
2370
2628
2474
2392
2167
3149
2309
2469
2250
3369
2256
1875
2373
2329
1950
1961
2027
2405
2343
2075
2138
2325
3666
2161
3104
1978
2503
2204
2069
1870
1983
2085
1960
2226
1986
2340
2381
2244
2292
2222
2287
2263
2278
2353
2113
2381
2051
2041
2350
2345
3002
2508
2400
2249
2482
2114
2592
