2879
2834
2908
2842
2898
2868
2783
2921
2866
2968
2865
2921
2927
2926
2870
2866
2815
3264
2843
2812
2871
2760
2883
2619
2828
2987
3283
3004
2864
2852
2867
2798
2724
2698
3008
2860
2720
2535
2704
2586
2692
2505
2569
2574
2614
2632
2518
2546
2698
2594
2653
2682
2580
2642
2626
2540
2709
2785
2570
2595
2657
2613
2568
2708
2650
2619
2595
2640
2790
2873
2912
2930
2833
2887
2712
2771
2619
2700
2738
2518
2571
2635
2746
2901
2736
2649
2526
2537
2654
2625
2733
2589
2581
2907
2541
2816
2882
2770
2926
2917
