1213
1380
1372
1319
1146
1395
1337
1288
1395
1432
1320
1337
1194
1333
1294
1266
1295
1449
1157
1398
1426
1233
1384
1190
1441
1183
1282
1386
1409
1207
1314
1214
1290
1382
1183
1263
1266
1361
1319
1189
1301
1292
1338
1306
1336
1411
1136
1219
1375
1407
1359
1228
1246
1440
1530
1238
1275
1593
1354
1211
1190
1453
1398
1478
1201
1409
1231
1364
1181
1321
1162
1201
1333
1169
1448
1130
1432
1591
1378
1415
1378
1385
1313
1348
1204
1498
1435
1292
1471
1424
1425
1614
1365
1367
1314
1430
1249
1341
1414
1405
