1960
1674
1787
1763
1652
1662
1797
1713
1740
1771
1732
1676
1730
1691
1765
1801
1781
1844
1634
1856
1774
1795
2251
1867
1733
1731
1705
1724
1879
1758
1921
1771
1693
1737
1834
1780
1662
1537
2466
1666
1823
1844
1710
1689
1648
1574
1792
1550
1572
1600
1655
1593
1651
1612
1629
1636
1691
1700
1911
1740
1670
1679
1746
1655
1613
1662
1771
1603
1688
1699
1759
1679
1811
1500
1719
1660
1673
1852
1782
1741
1784
1753
1731
1726
1619
1695
1785
1826
1706
1729
1630
1607
1747
1657
1699
1839
1812
1684
1741
1709
