1619
1588
1419
1552
1323
1681
1453
1626
1532
1655
1455
1624
1198
1227
1274
1553
1477
1150
1586
1588
1702
1362
1542
1517
1530
1328
1439
1646
1857
1339
1099
1534
1655
1670
1674
1687
1318
1361
1229
1242
1401
1651
1601
1361
1457
1550
1566
1409
1684
1440
1519
1644
1526
1484
2386
1588
1282
1317
1405
1374
1297
1445
1345
1106
1621
1566
1312
2238
1359
1425
2261
1522
1678
1670
1551
1482
1513
1514
1555
1279
1438
1597
1704
1532
1561
1567
1608
1331
1061
1427
1663
1561
1438
1425
1463
1248
1278
1284
2189
1494
