1452
1599
1431
1469
1540
1396
1501
1444
1359
1457
1503
1391
1399
1409
1339
1419
1393
1523
1664
1556
1435
1475
1595
1523
1603
1481
1403
1416
1546
1623
1539
1496
1665
1632
1605
1393
1348
1415
1316
1412
1384
1370
1384
1596
1489
1563
1462
1567
1497
1412
1533
1351
1380
1475
1477
1506
1367
1452
1763
1491
1588
1629
1761
1425
1378
1337
1527
1499
1484
1654
1571
1663
1633
1530
1657
1663
1566
1416
1483
1789
1587
1639
1574
1608
1495
1611
1668
1609
1543
1612
1525
1793
1646
1633
1462
1519
1504
1602
1644
1549
