1933
1879
1943
1900
2073
1995
2072
2418
2199
2119
2116
2165
2214
2231
1958
1875
1918
2092
1950
1896
1888
1964
1980
2074
2021
2102
2055
2048
2046
1885
1925
1976
1902
1971
2047
1960
2121
2227
1933
2060
2067
1933
1947
2068
1900
1964
2012
1918
2065
1920
1905
1959
1998
1914
1828
1811
1936
1949
1981
1897
1959
1909
2126
2236
2161
2151
2036
1990
1960
1908
1920
1916
1971
1908
2085
2056
2092
1915
1991
2143
2036
2086
2018
1858
2069
2102
2068
2114
2076
1992
2030
1913
2003
1896
2087
1868
1998
2038
1916
2096
