2440
2461
2292
2311
2194
2109
2039
2085
2157
2043
2072
2051
2062
2044
2049
2178
2142
2331
2252
2055
2489
2110
2385
2301
2300
2237
2108
2263
2099
2178
2085
2179
2141
2056
2070
2166
2139
2097
2180
2076
2067
2064
2069
2081
2039
2133
2076
2275
2192
2237
2185
2140
2126
2106
2057
2039
2006
2190
2139
2017
2054
2086
2141
2061
2116
2065
2147
2158
2131
1997
2079
1979
2100
2386
2100
2076
2005
2085
2124
2102
2272
2084
2043
2049
2116
2133
2401
2351
2171
2297
2188
2064
2137
2265
2234
2126
2117
2199
2289
2208
