2925
2884
2952
2942
2973
3016
2933
2826
2965
2910
3180
2833
2920
3063
3068
2905
2795
2966
3103
3074
3066
2923
2971
2888
2996
2970
2933
2904
2945
2998
3081
3191
3302
3196
3291
3292
3395
3224
3156
3188
3192
3419
3164
3268
3019
3206
3013
3174
3185
2976
3138
3035
2869
3055
3038
3065
2990
3075
3125
2888
3138
2995
3212
3194
3020
3071
2899
3067
2998
3036
3022
3073
2975
3107
2948
2888
3015
3025
3096
3104
3220
2895
2909
2892
3007
2853
3066
2985
2879
2975
3165
3352
3006
2941
2986
2918
3108
2862
2958
3071
