1972
1852
1872
1897
1749
1748
1761
1712
1671
1810
1808
1707
1692
1728
2073
1925
2056
1941
1999
1895
2005
1918
1973
1916
1867
2106
1964
2044
1972
1816
1975
2080
1952
2167
1991
1946
1893
1843
1968
1895
3427
1723
1762
1707
1733
1751
1753
1853
1992
1893
1862
1951
1894
1897
1910
2206
1916
2047
1949
1928
2039
2003
1750
1831
1933
1920
2100
2000
1844
1719
1790
1799
1768
1663
1893
1785
1798
1714
1734
1754
1673
1735
1765
1686
1702
1929
1752
1791
1740
1621
1757
1754
1829
1849
1888
1813
1759
2036
1782
1775
