2984
3072
3297
3031
2929
2852
2675
2787
2810
2765
2757
2832
2668
2675
2785
2760
2827
2817
2910
2746
3034
3194
3159
3025
3037
3052
3070
3453
3382
2947
3251
3122
2966
3132
2847
2823
3081
2930
2689
2844
3067
3064
2914
2857
3139
3063
3127
3173
3050
3109
3086
3072
3070
3006
3037
2774
2672
2831
2857
3027
2935
2848
2733
3052
2856
2735
2946
2814
2755
3111
2982
3148
3442
3042
3016
3067
2867
2773
2760
2683
2924
2783
2784
2686
2753
3086
2718
2796
2873
3062
2735
2775
2926
2892
2831
2781
2804
2883
2754
2721
