1281
1571
1504
1364
1641
1558
1290
1130
1787
1429
1129
1432
1523
1510
1713
1556
1651
1761
1539
1502
1677
1565
1404
1515
1519
1646
1078
1714
1544
1371
1411
1743
1548
1711
1394
1361
1600
1646
1478
1006
1425
1475
1601
1462
1436
1502
1627
1476
1646
1348
1399
1965
1531
1246
1602
1521
1492
1041
1542
1821
1459
1156
1912
1521
1442
2155
1601
1369
1852
1646
1040
1267
1580
1800
1583
1381
2311
1482
1362
1073
1145
1446
1546
1450
1195
1273
1502
1282
1529
1497
1728
1495
1156
1499
1417
1195
1531
1667
1530
1546
