1367
1339
1762
1426
1554
1193
1698
2288
1527
1032
1050
1303
1391
1404
1280
1086
1322
1439
1293
1461
1489
1204
1475
2247
1353
1369
1012
1666
1205
1201
1227
1535
1553
1552
1036
1539
1617
1494
1335
1842
1715
1351
1273
1765
1406
1249
1346
1600
1170
1377
2087
1923
1443
1794
2028
1460
1304
1577
1431
1293
1395
1257
1562
1563
1210
1413
1225
1328
1154
1541
1382
1478
1144
1206
1486
1578
1209
1457
1400
1429
1418
1409
1297
1729
1391
1598
1309
1429
1446
1459
1605
1305
1563
1416
1493
1244
1389
1544
1119
1191
