2387
2256
2226
2210
2245
2337
2368
2272
2348
2185
2204
2326
2527
2223
2376
2218
2639
2250
2290
2348
2222
2428
2242
2251
2379
2294
2332
2229
2361
2326
2419
2439
2414
2443
2394
2493
2229
2309
2612
2569
2504
2489
2565
2452
2204
2337
2382
2512
2453
2414
2224
2324
2469
2426
2499
2425
2534
2243
2346
2245
2328
2242
2375
2362
2440
2300
2277
2390
2334
2488
2323
2278
2277
2343
2427
2308
2482
2465
2476
2307
2438
2352
2201
2280
2184
2295
2236
2559
2301
2401
2564
2489
2490
2413
2627
2466
2440
2434
2483
2418
