2626
2587
2466
2511
2458
2596
2498
2542
2494
2511
2727
2491
2437
2643
2448
2431
2436
2450
2483
2434
2621
2413
2427
2391
2430
2655
2483
2451
2542
2805
2697
2673
2706
2496
2441
2415
2436
2402
2403
2404
2512
2569
2523
2402
2472
2544
2394
2456
2411
2349
2575
2643
2529
2453
2759
2502
2429
2444
2518
2519
2456
2417
2436
2484
2719
2626
2593
2343
2435
2451
2425
2493
2460
2673
2766
2621
2704
2733
2651
2636
2714
3007
2845
2609
2844
2724
2596
2532
2603
2499
2677
2655
2667
2636
2651
2907
2661
2760
2616
2619
