1473
1484
1415
1475
1428
1515
1264
1596
1653
1484
1571
1430
1350
1396
1453
1318
1384
1300
1378
1598
1402
1298
1463
1362
1376
1457
1316
1492
1244
1393
1354
1454
1348
1385
1295
1316
1286
1488
1401
1377
1456
1345
1474
1556
1419
1435
1687
1458
1396
1460
1357
1369
1485
1359
1435
1498
1392
1385
1264
1240
1454
1450
1327
1285
1457
1507
1570
1489
1361
1500
1486
1436
1381
1360
1491
1402
1372
1509
1368
1529
1362
1399
1343
1500
1522
1283
1199
1301
1363
1253
1473
1343
1332
1242
1285
1292
1518
1756
1381
1437
