1463
1885
1517
1539
1513
1551
1561
1562
1753
1453
1737
1574
1730
1682
1533
1764
1334
1624
1654
1208
1243
1770
1508
1593
1707
1453
1210
1585
1558
1827
1676
1662
1773
1309
1694
1575
2079
1618
1218
1321
1792
1304
1591
2183
1387
1709
1527
1613
1458
1617
1464
1653
1410
1601
1184
1707
1589
1443
1234
1253
1626
1387
1681
1721
1595
1573
1580
1702
1687
1801
1408
1431
1379
1433
1353
1325
1230
1483
1722
1634
1456
1390
1729
1660
1467
1498
1523
1720
1531
1655
1543
1421
1694
1544
1683
1447
1451
1510
1550
1517
