2 5
23.73	28.459999
22.49	27.629999
22.299999	27.139999
20.809999	26.389999
20.84	26.360001
22.43	27.51
21.92	27.67
22.08	28.16
21.950001	27.860001
21.209999	27.360001
21.0	27.040001
20.440001	26.809999
19.73	26.49
18.469999	25.200001
19.290001	25.68
19.25	25.379999
19.1	25.43
18.940001	25.469999
20.24	26.389999
20.110001	26.17
19.48	25.860001
20.059999	26.719999
20.120001	26.67
19.08	25.700001
18.65	25.48
19.43	25.91
19.48	25.790001
20.52	26.59
20.629999	26.59
20.780001	26.66
21.23	27.379999
21.09	27.43
21.040001	27.43
21.23	27.620001
21.459999	27.51
21.059999	27.08
20.74	26.65
20.32	26.200001
20.440001	26.43
20.16	26.25
19.200001	25.030001
18.98	24.870001
18.99	24.610001
18.98	24.610001
19.280001	24.82
19.879999	25.440001
20.35	25.65
20.5	26.209999
20.360001	26.139999
20.620001	26.440001
20.73	26.309999
20.709999	26.469999
20.040001	25.68
20.1	25.58
20.790001	26.059999
20.32	25.65
20.959999	26.23
21.309999	26.389999
21.610001	26.58
21.530001	26.440001
21.379999	26.34
21.559999	26.52
21.549999	26.66
22.26	27.139999
22.02	26.99
22.25	27.23
22.08	27.09
22.07	26.879999
22.280001	26.98
21.889999	26.83
20.889999	25.9
20.84	25.799999
21.0	25.77
21.23	25.73
21.610001	26.459999
21.459999	26.68
21.040001	26.309999
21.1	26.09
20.9	25.940001
20.41	25.43
20.360001	25.57
20.450001	25.639999
21.17	26.32
21.02	26.209999
21.059999	26.1
22.23	26.639999
22.25	26.860001
22.42	27.23
22.219999	27.01
22.43	27.120001
22.75	27.190001
22.700001	27.24
23.23	27.610001
23.42	27.690001
23.41	27.6
23.200001	27.67
23.120001	27.540001
23.639999	27.780001
23.540001	27.709999
23.559999	27.49
23.33	27.299999
23.950001	27.799999
23.98	27.66
24.379999	27.809999
24.129999	27.889999
23.74	28.030001
23.99	28.33
23.780001	28.15
24.32	28.719999
24.530001	28.9
24.469999	28.549999
24.860001	28.91
24.73	29.0
24.51	29.01
24.68	29.4
24.889999	29.27
24.84	29.08
24.76	29.01
23.91	28.41
24.469999	28.809999
24.200001	28.639999
24.34	28.59
24.879999	28.879999
24.66	28.809999
24.209999	28.469999
24.459999	28.6
24.469999	28.92
24.639999	29.030001
25.18	29.219999
25.389999	29.280001
26.24	29.93
26.27	30.01
26.02	30.15
25.459999	29.85
25.57	30.059999
25.280001	29.959999
24.790001	29.389999
24.809999	29.370001
24.32	28.65
24.32	28.719999
24.82	29.24
24.620001	29.549999
24.59	29.549999
23.709999	29.049999
24.32	29.620001
23.65	29.379999
23.92	29.440001
23.52	29.33
24.17	30.040001
24.74	30.440001
25.049999	30.5
24.9	30.559999
24.940001	30.41
24.780001	30.209999
25.01	30.27
25.200001	30.5
25.5	30.65
25.620001	30.629999
25.139999	30.57
25.41	30.459999
25.290001	30.379999
25.290001	30.23
24.940001	30.219999
25.09	30.34
25.200001	30.5
25.17	30.459999
25.24	30.67
25.43	30.950001
25.42	30.93
25.440001	31.0
25.59	31.25
24.93	30.92
24.76	30.98
24.51	30.83
24.42	30.85
24.450001	30.73
24.41	31.18
24.709999	31.440001
24.879999	31.24
24.889999	31.32
25.1	31.49
25.08	31.129999
24.66	30.85
24.639999	30.92
25.030001	31.0
24.91	30.719999
25.1	31.24
25.030001	31.190001
24.57	31.01
24.870001	31.290001
25.370001	31.92
25.290001	31.969999
25.629999	32.209999
25.860001	32.209999
25.950001	32.189999
26.1	32.23
25.969999	32.009998
25.860001	32.119999
25.790001	32.220001
26.030001	32.48
25.77	32.470001
26.02	32.950001
26.309999	33.110001
26.27	33.110001
25.32	32.599998
25.42	32.650002
25.530001	32.610001
26.030001	33.18
26.110001	33.669998
25.530001	33.470001
25.84	33.630001
26.110001	33.889999
25.950001	33.98
25.540001	33.529999
25.73	33.400002
25.559999	33.220001
24.68	32.349998
24.969999	32.59
24.709999	32.450001
24.0	31.92
23.450001	31.629999
23.74	32.310001
24.4	32.48
24.950001	33.18
24.950001	33.150002
25.15	33.25
25.66	33.310001
25.77	33.130001
25.75	32.880001
26.16	33.07
26.540001	33.540001
26.620001	33.610001
26.93	33.93
26.9	34.0
26.870001	34.200001
27.299999	34.209999
27.280001	33.970001
27.559999	34.290001
27.620001	33.759998
27.09	33.119999
27.299999	33.169998
27.360001	33.189999
27.23	33.110001
26.870001	32.759998
26.91	33.110001
27.709999	33.580002
28.040001	33.84
28.07	33.619999
28.219999	33.720001
28.280001	33.73
28.35	33.709999
28.27	33.700001
27.93	33.810001
27.5	33.150002
26.82	32.759998
26.41	32.040001
26.879999	32.279999
27.190001	32.650002
27.33	32.790001
26.790001	32.139999
26.629999	32.040001
26.209999	31.77
26.200001	31.76
26.41	31.91
26.65	32.400002
26.879999	32.470001
26.620001	32.34
25.77	31.76
25.950001	32.09
25.860001	32.419998
26.299999	32.549999
26.540001	32.580002
26.719999	32.900002
26.1	31.969999
26.07	31.940001
25.889999	31.85
25.780001	31.32
25.98	31.360001
25.51	31.08
25.85	31.389999
25.33	30.84
25.4	30.709999
26.059999	31.27
25.34	30.629999
25.110001	30.299999
25.41	30.24
25.23	30.33
25.68	31.049999
25.040001	30.780001
24.9	30.43
24.639999	30.0
24.6	30.15
25.09	30.67
25.48	31.25
26.049999	31.67
26.24	31.9
25.809999	31.99
25.639999	31.84
26.08	32.029999
25.950001	31.940001
25.219999	31.27
24.860001	31.4
25.33	31.83
25.0	31.59
24.85	31.959999
24.6	31.6
25.190001	32.099998
25.48	32.240002
25.9	32.59
26.08	32.610001
25.74	32.57
25.98	32.290001
25.68	31.4
25.459999	31.360001
25.209999	30.940001
25.24	31.0
24.48	30.24
24.209999	30.389999
22.5	28.93
22.280001	28.43
20.49	26.879999
22.49	28.379999
21.43	27.93
22.709999	29.07
22.84	29.02
23.809999	29.690001
23.32	29.26
23.73	29.440001
22.610001	28.23
22.33	27.799999
22.360001	27.9
23.389999	28.620001
23.280001	28.76
22.9	28.52
23.469999	28.700001
24.139999	29.290001
24.120001	29.549999
24.34	29.889999
24.09	29.85
23.48	29.32
22.940001	28.969999
23.83	29.540001
23.32	29.34
22.58	28.440001
22.24	27.99
22.290001	28.26
22.09	28.32
22.48	28.889999
22.66	28.68
22.02	28.1
21.889999	28.08
21.09	27.08
19.93	25.639999
20.07	25.43
20.6	26.030001
21.24	26.52
20.67	25.76
20.75	25.92
20.059999	25.49
19.4	24.559999
19.84	24.360001
20.41	25.42
21.299999	26.190001
21.43	25.75
22.42	26.780001
22.370001	26.59
22.77	27.200001
22.85	26.83
23.32	27.51
22.68	26.809999
23.02	27.25
22.6	26.67
22.540001	26.74
23.02	27.23
23.76	27.84
23.120001	27.35
23.450001	27.860001
25.16	28.950001
24.870001	28.99
23.74	28.24
22.860001	27.32
23.139999	27.68
23.620001	28.389999
23.51	28.049999
23.67	28.24
23.969999	28.41
22.76	27.290001
23.129999	27.309999
23.799999	27.879999
23.24	27.58
23.290001	27.42
22.780001	27.280001
22.299999	26.559999
22.26	26.6
21.57	25.99
21.58	26.01
20.82	25.26
20.700001	24.959999
21.629999	25.74
21.889999	26.139999
23.26	27.459999
23.040001	27.4
23.309999	27.190001
23.690001	27.41
23.4	27.42
23.530001	27.58
22.76	26.75
23.15	27.110001
22.440001	26.549999
22.17	26.030001
21.870001	25.43
21.889999	25.440001
21.889999	25.76
21.360001	25.4
21.459999	25.620001
21.469999	25.860001
21.67	26.280001
21.790001	26.4
21.75	26.309999
21.110001	25.9
21.450001	26.190001
21.440001	26.6
22.08	27.4
22.34	27.35
22.049999	27.18
21.76	26.9
21.83	26.98
22.25	27.33
22.379999	27.200001
22.48	27.34
22.299999	27.129999
22.48	27.290001
22.879999	27.629999
22.84	27.790001
22.940001	27.75
23.02	28.24
22.84	27.860001
23.43	28.35
23.5	28.190001
23.6	28.26
23.370001	28.07
23.42	28.110001
23.66	28.360001
23.67	28.459999
24.02	28.780001
23.870001	28.610001
23.860001	28.5
23.9	28.51
23.879999	28.440001
23.27	28.0
23.65	28.139999
23.33	28.030001
23.26	28.09
23.370001	28.48
23.190001	28.379999
23.52	28.75
23.48	28.870001
23.719999	29.0
23.76	28.9
23.799999	28.85
23.809999	29.1
23.75	29.02
23.9	29.32
23.719999	29.049999
23.51	28.629999
22.74	27.91
22.870001	27.99
23.200001	28.48
23.15	28.59
22.959999	28.34
23.450001	28.790001
23.18	28.32
23.48	28.530001
23.620001	28.719999
23.73	28.76
23.219999	28.530001
23.110001	28.549999
22.879999	28.110001
23.200001	28.370001
23.559999	28.870001
23.35	28.629999
23.379999	28.360001
23.389999	28.299999
23.51	28.34
23.629999	28.799999
23.26	28.370001
22.98	27.870001
23.120001	27.709999
22.93	27.459999
22.610001	27.030001
22.84	27.24
23.450001	27.959999
23.15	27.440001
23.24	27.41
23.49	27.950001
23.459999	27.9
23.49	27.83
23.610001	27.92
23.25	27.57
23.440001	27.639999
23.780001	28.08
23.82	28.110001
23.950001	28.450001
23.84	28.360001
23.959999	28.52
23.9	28.26
23.690001	27.68
23.1	27.110001
23.09	27.200001
22.620001	26.66
22.440001	26.51
22.719999	26.610001
22.51	26.59
22.290001	26.059999
22.07	25.68
21.58	25.49
21.18	25.27
20.85	25.120001
21.370001	25.629999
21.23	25.51
20.959999	25.73
20.85	25.68
20.58	25.540001
21.209999	25.879999
20.65	25.26
20.76	25.32
20.370001	24.85
20.57	24.799999
20.790001	25.18
21.51	25.76
21.52	25.700001
21.49	25.51
21.139999	25.1
21.49	25.52
21.26	25.440001
21.370001	25.57
21.67	25.77
21.940001	25.860001
22.32	26.41
22.190001	26.34
20.969999	25.120001
21.110001	25.299999
20.719999	24.92
21.0	25.07
21.27	25.24
21.049999	25.09
21.85	25.84
22.030001	25.950001
22.18	26.59
22.139999	26.49
21.889999	25.959999
21.84	25.889999
21.540001	25.549999
21.75	25.690001
21.43	25.440001
21.809999	25.75
21.85	25.76
22.17	25.92
22.309999	26.0
22.690001	26.27
22.42	26.030001
22.0	25.75
21.870001	25.48
22.139999	25.65
22.559999	26.129999
23.17	26.530001
23.190001	26.6
23.18	26.290001
23.120001	26.17
23.07	25.9
23.52	26.4
23.52	26.459999
23.620001	26.940001
23.780001	26.85
23.77	27.07
23.76	27.190001
23.51	26.99
23.469999	27.110001
23.41	27.26
23.74	27.65
23.67	27.709999
23.84	27.76
24.049999	27.799999
24.09	27.74
23.790001	27.5
23.76	27.629999
23.6	27.59
23.68	27.58
23.620001	27.549999
23.18	27.25
23.469999	27.5
23.049999	27.530001
22.99	27.52
23.549999	28.059999
23.73	28.540001
23.450001	28.43
23.809999	28.559999
23.9	28.58
24.33	29.09
24.49	29.389999
24.209999	29.17
24.16	29.120001
24.33	29.110001
24.17	28.98
24.16	28.879999
24.030001	28.66
23.700001	28.42
23.620001	28.309999
24.059999	28.700001
23.790001	28.49
24.02	28.700001
23.99	28.73
23.809999	28.530001
24.030001	28.959999
24.01	28.9
24.01	28.83
23.969999	28.629999
24.01	28.370001
24.15	28.52
24.07	28.360001
24.309999	28.440001
24.469999	28.700001
24.889999	29.059999
24.82	28.92
24.559999	28.57
24.610001	28.559999
24.26	28.129999
24.42	28.02
24.6	28.299999
24.49	28.190001
24.58	28.49
24.58	28.690001
24.200001	28.389999
24.360001	28.32
24.719999	28.48
24.5	28.09
24.4	27.82
24.5	27.85
24.530001	27.879999
24.24	27.709999
23.860001	27.17
23.780001	26.940001
23.790001	27.1
24.209999	27.639999
24.1	27.620001
24.09	27.780001
24.559999	28.18
24.49	28.09
24.540001	27.879999
24.73	28.049999
24.879999	28.18
24.969999	28.110001
24.99	28.049999
25.040001	28.0
25.07	28.1
25.18	28.129999
25.4	28.15
25.459999	28.41
25.620001	28.540001
25.700001	28.76
25.57	28.620001
25.6	28.5
25.709999	28.620001
24.9	28.379999
24.83	28.43
24.950001	28.48
24.75	28.32
24.65	28.26
24.610001	28.209999
24.780001	28.200001
24.690001	28.0
25.139999	28.4
25.49	28.879999
25.370001	28.620001
25.48	28.780001
25.4	28.719999
25.23	28.700001
25.389999	28.780001
25.68	29.030001
25.459999	29.049999
25.530001	29.120001
25.51	29.18
25.690001	29.040001
25.82	29.16
25.77	29.190001
25.889999	29.379999
25.92	29.110001
25.9	29.08
25.99	28.98
25.940001	29.0
26.209999	29.16
26.110001	29.059999
26.120001	28.870001
26.32	29.08
26.049999	28.92
26.129999	29.07
26.120001	29.15
25.98	28.98
26.299999	28.98
26.209999	28.879999
26.24	29.01
26.540001	28.969999
26.76	28.9
26.74	28.629999
27.27	28.74
26.85	28.4
26.379999	28.219999
26.889999	28.290001
26.6	27.959999
26.6	28.049999
26.91	28.299999
26.879999	28.219999
26.940001	28.299999
26.790001	28.190001
27.219999	28.219999
27.360001	28.290001
27.450001	28.370001
27.43	28.379999
27.59	28.52
27.57	28.57
27.360001	28.219999
27.26	28.530001
27.690001	28.67
27.309999	28.41
26.82	28.27
26.9	28.450001
26.76	28.299999
27.09	28.379999
26.959999	28.200001
27.07	28.41
27.1	28.379999
27.040001	28.51
26.93	28.41
27.08	28.459999
26.73	27.85
26.74	27.709999
26.42	27.540001
26.639999	27.540001
27.120001	27.9
27.370001	28.09
27.559999	28.059999
27.360001	27.66
26.33	26.530001
26.959999	26.969999
26.68	26.450001
26.450001	26.530001
26.469999	26.690001
26.65	26.709999
27.09	26.719999
27.48	27.17
27.559999	27.389999
27.440001	27.25
27.860001	27.620001
28.1	28.02
27.620001	27.77
27.629999	27.860001
27.98	28.01
27.74	28.1
27.459999	28.219999
27.690001	28.610001
27.34	28.35
27.23	28.32
27.15	28.25
27.18	28.18
26.940001	27.940001
26.59	27.92
26.530001	27.93
26.870001	28.24
26.59	28.27
26.07	28.09
25.92	28.02
25.049999	28.0
25.07	28.02
24.969999	28.129999
25.059999	28.290001
24.41	27.73
24.950001	28.01
24.65	27.790001
23.84	27.41
24.030001	27.58
23.879999	27.66
23.65	27.74
23.280001	27.389999
23.27	27.09
24.0	27.629999
23.940001	27.379999
24.32	27.610001
24.18	27.719999
23.57	27.32
22.51	26.42
22.719999	26.32
22.6	25.91
23.01	26.190001
23.280001	26.299999
23.059999	26.1
22.58	26.15
22.459999	26.219999
22.559999	26.18
22.200001	26.110001
22.379999	26.040001
22.610001	26.26
23.08	26.57
22.879999	26.59
23.5	27.370001
23.190001	27.24
23.33	27.370001
23.65	27.450001
23.68	27.48
23.6	27.77
23.549999	27.91
23.73	28.120001
23.82	28.18
23.65	27.940001
23.870001	28.110001
24.049999	28.040001
23.860001	28.15
23.51	27.77
23.26	27.629999
23.27	27.700001
23.41	27.6
23.35	27.51
23.42	27.32
23.02	27.059999
23.68	27.639999
23.83	27.690001
23.98	27.77
24.17	27.809999
24.17	27.85
24.01	28.030001
24.08	28.030001
23.870001	27.66
23.74	27.709999
23.459999	27.290001
23.629999	27.43
23.93	27.68
23.780001	27.67
23.540001	27.360001
23.459999	27.41
23.42	27.450001
23.48	27.389999
24.17	27.58
24.51	27.719999
24.370001	27.91
24.52	28.09
24.889999	28.25
25.290001	28.26
25.370001	28.4
25.120001	28.07
25.110001	28.07
25.299999	28.35
25.540001	28.450001
26.209999	28.860001
25.9	28.700001
25.6	28.389999
25.68	28.379999
25.540001	28.389999
25.6	28.35
25.799999	28.4
25.620001	28.43
25.27	28.309999
25.48	28.43
25.469999	28.379999
25.42	28.17
25.639999	28.309999
25.190001	28.299999
25.030001	27.959999
25.129999	27.99
25.58	28.4
25.92	28.51
25.969999	28.57
25.879999	28.49
26.209999	28.67
26.59	28.940001
26.9	29.18
26.870001	29.24
27.25	29.440001
26.84	29.190001
26.93	29.24
27.049999	29.32
27.139999	29.32
26.84	29.379999
26.690001	29.379999
26.67	29.360001
26.65	29.27
26.76	29.360001
26.790001	29.24
27.01	29.440001
26.65	29.139999
26.75	29.32
26.5	29.280001
26.18	29.16
26.030001	29.360001
26.129999	29.48
26.48	29.610001
26.33	29.629999
26.299999	29.469999
25.92	29.51
25.74	29.440001
25.73	29.450001
25.709999	29.35
25.58	29.129999
25.48	28.98
25.360001	29.09
25.07	28.98
25.01	28.700001
24.99	28.59
24.67	28.48
24.84	28.610001
24.5	28.76
24.49	28.85
24.120001	28.42
23.540001	28.290001
23.809999	28.389999
23.99	28.6
23.73	28.52
23.25	28.290001
23.620001	28.49
24.0	28.58
24.290001	28.780001
24.370001	28.92
24.33	29.07
24.219999	28.860001
24.290001	29.02
24.370001	29.16
24.18	28.959999
24.42	28.940001
24.34	28.75
24.299999	28.639999
24.15	28.620001
24.110001	28.540001
24.35	28.67
24.23	28.639999
23.91	28.450001
23.9	28.58
23.85	28.74
23.709999	28.73
23.870001	28.889999
23.889999	28.700001
23.42	28.6
22.91	28.15
23.01	27.74
23.18	27.9
22.940001	27.74
23.290001	27.950001
23.040001	27.93
22.690001	27.57
23.24	27.65
23.059999	27.76
23.639999	28.139999
23.809999	28.35
23.799999	28.35
24.360001	28.610001
24.530001	28.73
24.469999	28.940001
24.870001	29.059999
24.98	29.16
24.870001	28.940001
25.129999	29.059999
25.01	28.99
25.309999	29.139999
25.09	29.110001
25.030001	28.98
25.040001	29.02
24.950001	29.18
24.76	29.110001
25.120001	29.23
25.209999	29.389999
25.52	29.49
25.49	29.280001
25.17	29.27
24.92	29.200001
24.92	29.34
24.91	29.280001
24.709999	29.129999
25.059999	29.25
25.24	29.33
24.84	28.99
24.790001	29.030001
24.860001	29.09
25.030001	29.030001
25.34	29.17
25.459999	29.129999
25.559999	29.23
25.68	29.360001
25.870001	29.549999
25.9	29.700001
25.93	29.84
25.809999	29.68
25.889999	29.84
25.9	29.559999
26.360001	29.93
26.799999	30.200001
26.4	29.75
26.290001	29.5
26.24	29.65
26.059999	29.66
26.370001	29.83
26.450001	29.940001
26.440001	29.93
26.700001	30.02
26.59	29.98
26.540001	30.0
26.469999	29.959999
26.67	30.0
26.48	30.379999
26.450001	30.540001
26.209999	30.49
26.27	30.629999
26.309999	30.549999
26.43	30.57
26.41	30.620001
26.58	30.6
26.540001	30.389999
26.620001	30.639999
26.639999	30.66
26.719999	30.709999
26.67	30.549999
26.73	30.459999
26.379999	30.52
25.969999	30.34
26.190001	30.6
26.35	30.75
26.450001	30.860001
26.6	30.74
26.5	30.620001
26.74	30.65
26.559999	30.700001
26.540001	30.67
26.389999	30.75
26.25	30.77
26.459999	30.799999
26.559999	30.9
26.73	31.049999
26.73	31.110001
26.57	31.23
26.459999	31.299999
26.459999	31.52
26.450001	31.65
26.190001	31.57
26.4	31.719999
26.68	31.84
26.59	32.040001
26.73	32.119999
26.360001	31.790001
26.07	31.629999
26.43	31.860001
26.43	32.119999
26.129999	32.209999
26.25	32.369999
26.5	32.389999
26.540001	32.540001
26.540001	32.279999
26.440001	32.279999
26.42	32.470001
26.27	32.290001
26.549999	32.07
26.67	32.220001
26.540001	32.0
26.620001	32.290001
26.43	32.209999
26.73	32.450001
26.620001	32.419998
26.809999	32.580002
27.1	32.740002
27.02	32.720001
26.85	32.650002
26.950001	32.68
26.91	32.509998
26.93	32.610001
26.59	32.16
26.42	31.85
26.530001	32.040001
26.24	31.65
26.379999	31.82
26.08	31.6
26.02	31.610001
26.02	31.91
26.24	31.92
26.42	31.92
26.629999	32.029999
26.67	32.119999
26.85	32.200001
26.879999	32.34
27.07	32.419998
27.049999	32.5
26.940001	32.439999
26.99	32.470001
27.02	32.610001
27.120001	32.849998
27.139999	32.830002
27.16	32.860001
27.16	32.73
27.34	32.950001
27.25	32.799999
27.200001	32.84
26.809999	32.419998
26.65	32.490002
26.620001	32.439999
26.190001	32.299999
25.91	32.18
25.66	32.209999
25.85	32.52
25.17	32.32
25.35	32.470001
25.1	32.080002
24.700001	31.610001
24.719999	31.459999
24.950001	31.43
24.280001	30.790001
24.200001	30.99
23.799999	30.860001
23.940001	30.690001
23.98	30.450001
24.08	30.379999
24.02	30.27
24.139999	30.469999
23.84	29.99
24.309999	30.35
23.870001	29.719999
23.18	29.16
23.35	28.84
23.51	28.549999
23.85	28.299999
23.969999	28.73
24.299999	29.030001
24.450001	29.190001
24.610001	29.799999
24.52	29.23
24.65	29.639999
24.9	29.82
24.93	29.629999
25.360001	30.120001
24.92	29.879999
25.299999	29.76
25.43	29.92
24.93	29.459999
25.07	29.040001
24.790001	29.43
24.690001	29.34
24.98	29.85
24.98	29.799999
25.059999	30.01
24.940001	30.25
24.780001	30.0
24.98	30.32
24.700001	30.33
24.719999	30.52
24.09	30.440001
23.99	30.73
24.25	31.030001
24.09	30.700001
23.889999	30.91
24.15	30.940001
23.629999	29.940001
23.280001	29.85
23.379999	29.709999
23.48	30.030001
23.540001	29.459999
23.33	29.280001
23.18	28.5
22.92	28.66
22.6	27.9
22.57	27.860001
22.23	27.4
22.0	27.16
22.09	27.549999
21.459999	27.860001
21.860001	28.24
22.139999	28.559999
22.360001	28.35
22.120001	28.709999
22.129999	28.76
22.190001	28.879999
22.530001	28.860001
22.4	28.860001
22.17	28.860001
22.1	28.690001
21.889999	27.92
21.799999	27.51
22.0	27.540001
22.290001	27.879999
22.5	27.639999
22.24	27.200001
22.24	27.08
21.940001	26.91
22.07	26.76
22.32	27.26
22.030001	26.940001
22.23	27.02
22.219999	27.25
22.0	27.26
22.08	27.190001
22.120001	27.389999
22.0	26.700001
22.049999	26.58
21.92	26.440001
22.370001	27.139999
22.85	27.870001
22.73	27.35
23.139999	27.889999
22.99	27.610001
22.959999	27.799999
22.950001	27.6
22.610001	27.52
22.75	27.98
23.23	28.08
23.379999	28.370001
23.49	28.059999
23.389999	27.83
23.52	27.709999
23.459999	27.709999
23.68	27.870001
23.84	28.15
23.52	27.959999
23.68	28.02
23.700001	28.030001
23.709999	27.870001
23.58	27.889999
23.459999	27.75
23.049999	27.27
23.049999	27.16
22.52	26.59
22.459999	26.6
23.110001	26.790001
22.66	26.559999
22.860001	26.9
22.790001	26.93
23.469999	27.51
23.24	26.85
23.93	27.450001
24.1	27.59
24.110001	27.809999
23.84	27.530001
23.610001	27.469999
23.379999	27.07
23.129999	27.09
22.860001	27.18
22.9	27.299999
22.98	27.629999
23.190001	27.9
23.309999	28.0
23.559999	28.0
23.5	28.120001
23.549999	28.25
23.15	28.209999
23.280001	28.469999
23.35	29.030001
23.719999	29.16
23.280001	29.01
23.24	29.120001
23.17	28.879999
23.23	28.940001
23.4	29.32
23.93	29.280001
24.049999	29.290001
24.389999	29.5
23.809999	29.540001
23.32	29.120001
23.450001	29.139999
23.41	29.33
23.379999	29.0
22.98	28.780001
22.690001	28.67
22.940001	28.93
22.52	28.860001
23.059999	28.84
23.540001	28.809999
23.709999	28.85
23.700001	28.93
23.23	28.709999
22.790001	28.48
22.690001	28.459999
22.93	28.690001
22.73	28.48
22.76	27.9
22.77	27.940001
22.459999	27.99
22.540001	27.780001
22.370001	27.690001
22.459999	27.98
22.290001	28.01
21.610001	27.65
21.49	27.700001
21.58	27.35
21.49	27.620001
21.969999	27.93
22.120001	27.870001
21.91	27.559999
22.02	27.59
22.18	27.620001
22.23	27.73
22.309999	27.809999
22.34	27.469999
22.379999	27.67
22.6	27.85
22.5	27.780001
21.85	27.6
21.440001	27.530001
20.9	26.75
21.030001	26.67
21.26	26.559999
21.389999	26.700001
20.790001	26.41
20.84	26.35
20.25	25.9
20.440001	25.77
20.700001	26.040001
20.709999	26.16
20.950001	26.26
20.9	26.040001
21.15	26.07
21.040001	25.9
21.18	25.540001
21.23	25.5
20.809999	25.26
20.559999	25.129999
20.219999	25.030001
20.27	24.75
20.73	25.129999
20.790001	25.5
20.85	25.530001
20.92	25.549999
20.74	25.24
21.09	25.4
21.040001	25.41
20.52	25.389999
20.34	25.16
20.65	25.68
19.940001	25.360001
19.950001	25.469999
19.889999	25.15
19.860001	25.16
19.93	25.120001
19.700001	25.040001
19.85	24.66
19.280001	24.15
18.82	23.51
17.34	22.65
18.370001	22.719999
18.879999	23.200001
19.25	24.040001
19.15	24.200001
18.65	24.27
17.790001	23.5
18.190001	23.549999
17.940001	23.74
17.540001	23.370001
18.34	23.77
18.280001	23.559999
18.360001	23.67
18.33	23.440001
18.440001	23.25
18.42	23.440001
18.9	24.16
18.709999	24.15
18.610001	23.84
18.450001	23.959999
18.200001	23.370001
17.83	23.049999
18.1	23.040001
17.99	23.08
17.709999	22.32
17.49	22.33
17.92	23.0
18.07	23.0
18.25	23.35
18.77	23.84
18.879999	24.120001
19.18	24.49
19.459999	24.780001
19.639999	24.92
19.57	24.700001
19.15	24.49
19.26	24.780001
19.620001	24.83
19.57	24.75
19.4	24.370001
19.280001	24.6
19.139999	24.030001
19.530001	24.43
19.790001	24.43
19.73	24.16
19.549999	23.870001
19.389999	24.290001
18.83	24.209999
18.92	23.799999
18.870001	23.969999
19.209999	24.280001
18.99	23.98
18.809999	23.75
18.639999	23.52
18.16	23.41
18.139999	23.32
18.34	23.209999
18.35	22.780001
18.110001	22.58
18.26	23.030001
18.459999	23.01
18.73	23.23
19.200001	23.41
19.35	23.24
19.23	23.07
19.35	23.27
19.16	23.24
19.02	23.110001
19.09	23.27
19.629999	23.6
19.43	23.280001
19.299999	23.059999
19.389999	23.1
19.01	22.309999
18.629999	21.969999
18.6	22.08
18.610001	22.08
18.09	21.57
18.1	21.43
18.129999	21.83
18.65	22.129999
18.309999	21.629999
18.530001	21.629999
18.24	21.33
18.379999	21.450001
18.719999	21.92
18.73	21.98
18.690001	21.65
19.200001	21.9
19.16	21.66
18.959999	21.5
18.700001	21.190001
18.42	21.09
17.889999	20.629999
17.129999	20.139999
16.879999	20.049999
17.02	19.780001
17.120001	19.82
16.82	19.379999
17.17	19.629999
16.25	18.969999
16.639999	18.889999
16.58	18.65
16.9	19.25
17.209999	20.01
16.940001	19.48
17.280001	20.030001
17.09	20.059999
17.4	20.540001
17.639999	20.91
17.67	20.809999
17.110001	20.299999
17.35	20.9
17.65	21.26
17.190001	20.98
17.17	20.58
16.84	20.200001
16.780001	19.99
16.719999	19.799999
16.940001	20.41
17.32	20.719999
17.6	21.549999
17.66	21.540001
17.620001	21.299999
18.110001	21.450001
17.77	21.18
17.58	21.23
17.6	21.49
17.299999	21.629999
17.280001	21.629999
17.84	22.110001
18.360001	22.15
18.719999	22.389999
19.049999	22.620001
19.32	23.040001
18.959999	22.68
19.41	23.1
19.27	22.92
19.77	23.389999
19.51	23.27
19.07	22.99
19.51	23.49
19.940001	23.950001
19.83	23.709999
19.719999	23.709999
19.690001	23.700001
19.27	23.200001
19.23	23.09
19.290001	23.23
19.24	23.469999
19.33	23.799999
19.32	23.709999
19.200001	23.610001
18.959999	23.32
18.4	23.08
18.799999	23.280001
18.41	23.02
18.6	23.5
18.610001	23.719999
19.190001	24.280001
19.49	24.379999
19.690001	24.32
19.879999	24.24
20.129999	24.450001
20.440001	24.98
20.459999	25.120001
20.33	24.93
20.26	25.059999
20.15	24.889999
20.299999	25.059999
19.809999	25.18
19.870001	25.26
19.93	25.4
20.08	25.25
19.83	24.629999
19.52	24.16
19.51	24.15
19.469999	24.18
19.370001	23.799999
19.799999	24.24
19.73	24.34
19.68	24.41
19.4	24.139999
19.709999	24.5
19.68	24.549999
19.43	24.200001
19.370001	24.02
19.450001	24.16
19.32	24.120001
19.370001	24.16
19.49	24.610001
19.559999	24.73
19.58	24.73
19.450001	24.48
19.42	24.540001
19.27	24.610001
19.639999	25.049999
19.860001	25.389999
20.059999	25.65
20.190001	25.67
19.93	25.48
19.43	25.049999
19.25	24.9
19.08	24.58
19.09	24.5
18.950001	24.379999
19.110001	24.58
19.59	24.92
19.73	24.940001
19.459999	24.65
20.0	25.049999
18.92	24.139999
18.360001	23.620001
18.879999	23.98
19.120001	24.370001
19.450001	24.51
19.540001	24.83
19.15	24.58
19.379999	24.73
19.24	24.49
19.709999	24.639999
19.91	24.66
20.27	25.07
20.24	25.15
20.450001	25.41
20.379999	25.280001
20.48	25.379999
20.209999	25.200001
20.32	25.200001
20.34	25.139999
20.32	25.110001
20.379999	24.790001
20.549999	24.959999
20.540001	24.950001
20.610001	24.98
20.889999	25.24
20.66	24.93
20.639999	24.9
20.559999	25.1
20.66	25.129999
20.809999	25.110001
20.92	25.33
21.030001	25.48
21.040001	25.530001
21.1	25.82
20.860001	25.73
21.0	25.860001
20.99	25.889999
20.99	25.860001
21.0	26.040001
20.809999	25.870001
20.83	25.790001
20.959999	25.940001
20.959999	25.73
20.950001	25.690001
20.67	25.6
20.65	25.65
20.469999	25.530001
20.219999	25.309999
20.33	25.49
20.34	25.860001
20.700001	26.17
20.65	26.07
20.42	26.02
19.77	25.35
19.959999	25.440001
19.280001	24.77
19.440001	24.75
19.809999	25.09
19.790001	24.91
19.870001	25.0
19.99	25.02
20.440001	25.540001
20.57	25.77
20.540001	25.43
20.52	25.200001
20.74	25.18
20.98	25.68
20.74	25.610001
20.9	25.690001
20.940001	25.639999
20.780001	25.23
20.9	25.450001
20.91	25.35
20.83	25.139999
20.99	25.41
20.59	25.219999
20.73	25.27
20.67	25.379999
20.700001	25.42
20.639999	25.49
20.9	25.74
21.059999	25.92
20.85	25.74
20.73	25.700001
20.690001	25.58
20.860001	25.559999
20.610001	25.469999
20.26	25.51
20.16	25.450001
20.280001	25.35
20.200001	25.379999
19.99	25.1
20.059999	25.07
19.9	24.93
20.48	25.25
20.68	25.41
20.530001	25.450001
20.49	25.299999
20.43	24.85
20.48	24.889999
20.559999	25.370001
20.16	25.32
20.200001	25.42
20.030001	25.459999
20.200001	25.98
20.42	25.98
20.610001	25.93
20.83	25.879999
20.75	25.9
20.780001	25.85
20.440001	26.01
20.66	26.110001
20.690001	26.23
20.73	26.32
20.75	26.360001
21.040001	26.65
21.1	26.860001
21.15	26.940001
21.200001	27.0
21.32	27.17
20.92	26.58
20.780001	26.530001
20.57	26.59
20.530001	26.440001
20.73	26.58
20.18	26.299999
20.200001	26.209999
20.049999	26.07
20.139999	26.07
20.219999	26.02
20.379999	26.17
20.23	26.15
20.59	26.299999
20.85	26.74
21.049999	26.940001
20.940001	26.889999
21.17	26.700001
21.209999	26.74
21.43	26.99
21.52	27.0
21.43	27.129999
21.379999	27.16
21.200001	26.709999
21.290001	26.620001
21.290001	26.83
21.23	26.82
21.389999	27.299999
21.459999	27.540001
21.34	27.469999
21.4	27.26
21.23	27.01
21.24	27.18
21.35	27.1
21.57	27.17
21.59	27.27
21.389999	27.08
21.34	27.0
21.450001	27.1
21.559999	27.290001
21.85	27.59
21.959999	27.68
21.98	27.77
22.280001	27.83
22.280001	27.84
22.24	27.780001
22.33	27.83
22.370001	27.68
22.370001	27.6
22.08	27.219999
22.059999	27.17
21.950001	26.690001
22.200001	26.879999
21.950001	26.68
21.98	26.84
21.92	26.879999
22.01	26.83
21.860001	26.5
21.860001	26.5
22.049999	26.530001
22.120001	26.66
21.969999	26.32
22.65	26.85
22.450001	26.870001
22.49	26.709999
22.530001	26.610001
22.219999	26.309999
22.1	26.469999
22.02	26.57
22.17	26.530001
22.17	26.620001
22.49	26.83
22.75	27.040001
22.780001	26.879999
22.610001	26.879999
22.540001	26.780001
22.48	26.879999
22.450001	26.77
22.42	26.91
22.309999	26.870001
22.389999	27.1
22.549999	27.07
22.49	27.049999
22.43	26.690001
22.559999	27.030001
22.26	26.799999
22.040001	26.49
22.27	26.65
22.33	26.57
22.57	26.809999
22.620001	26.780001
22.41	26.49
22.4	26.209999
22.459999	26.26
22.68	26.219999
22.66	26.219999
22.16	26.129999
22.0	25.809999
22.1	26.290001
21.959999	26.32
21.690001	26.129999
21.879999	26.370001
21.85	26.15
21.75	26.110001
21.9	26.370001
22.01	26.34
21.450001	25.799999
21.5	25.809999
21.690001	26.280001
21.85	26.43
21.85	26.389999
21.879999	26.41
21.809999	26.309999
21.67	26.379999
21.559999	26.290001
21.49	26.16
21.450001	26.35
21.719999	26.34
21.73	26.35
21.49	26.49
21.49	26.18
21.59	26.299999
21.57	26.51
21.549999	26.58
22.02	26.75
22.23	26.42
22.059999	26.32
22.16	26.549999
22.24	26.629999
21.370001	26.1
21.16	25.98
21.209999	26.26
21.360001	26.360001
21.379999	26.43
21.309999	26.540001
21.76	26.969999
21.799999	26.790001
21.68	26.76
21.58	26.940001
21.68	26.76
21.48	26.65
21.48	26.76
21.530001	26.9
21.58	26.879999
21.67	27.290001
21.9	27.33
22.26	27.549999
22.18	27.43
22.25	27.540001
22.65	27.790001
22.709999	27.860001
22.389999	27.799999
22.4	27.82
22.639999	27.940001
22.879999	27.98
22.76	27.77
22.620001	27.9
22.700001	27.9
22.780001	27.83
22.709999	27.9
22.530001	27.77
22.549999	27.77
22.6	27.74
22.5	27.700001
22.440001	27.549999
22.18	27.17
22.24	27.209999
22.34	27.299999
22.280001	27.209999
22.790001	27.41
22.5	27.219999
22.610001	27.27
22.59	27.309999
22.73	27.4
22.620001	27.58
22.58	27.639999
22.700001	27.719999
22.65	27.620001
22.49	27.65
22.379999	27.530001
22.65	27.870001
22.82	28.110001
22.68	27.889999
22.76	28.209999
22.889999	28.379999
22.809999	28.280001
23.01	28.48
23.16	28.5
22.969999	28.49
22.969999	28.6
22.9	28.59
22.83	28.49
22.98	28.639999
22.93	28.690001
22.549999	28.83
22.709999	28.809999
22.639999	28.84
22.469999	28.809999
22.389999	28.83
22.35	28.940001
22.440001	28.940001
22.540001	28.959999
22.440001	29.08
22.32	29.110001
22.219999	28.99
22.219999	28.950001
22.23	28.959999
22.41	29.110001
22.469999	29.280001
22.629999	29.18
22.959999	29.26
22.99	29.17
23.07	29.16
23.07	29.280001
23.110001	29.33
23.110001	29.1
22.969999	29.030001
23.0	29.040001
22.690001	28.719999
22.690001	28.65
22.799999	28.83
22.76	28.92
22.700001	28.790001
22.809999	28.889999
22.98	28.969999
22.85	29.110001
22.940001	29.33
22.9	29.27
23.120001	29.35
23.17	29.41
23.17	29.32
23.01	29.200001
22.75	29.01
22.68	28.9
22.83	29.02
22.629999	29.049999
22.68	29.040001
22.82	29.18
22.940001	29.389999
22.93	29.41
22.83	29.16
22.959999	29.07
22.83	28.860001
22.77	28.940001
22.85	29.370001
22.700001	29.209999
22.66	29.129999
22.6	28.91
22.59	29.040001
22.66	29.139999
22.709999	29.16
22.83	29.200001
23.17	29.280001
23.110001	29.190001
23.139999	29.0
23.299999	29.190001
22.700001	28.790001
22.700001	28.91
22.860001	29.15
22.969999	29.17
22.969999	29.26
23.09	29.379999
23.190001	29.620001
23.17	29.639999
23.32	29.91
23.469999	30.02
23.559999	30.23
23.700001	30.34
23.57	30.24
23.6	30.16
23.4	29.860001
23.540001	30.01
23.67	30.110001
23.459999	30.23
23.59	30.299999
23.610001	30.23
23.66	30.139999
23.690001	30.26
23.74	30.33
23.879999	30.42
23.809999	30.200001
24.110001	30.32
23.940001	30.040001
23.75	29.85
23.77	29.879999
23.879999	29.780001
23.52	28.959999
22.73	28.15
22.950001	28.27
22.469999	28.059999
21.84	27.42
22.120001	27.469999
22.469999	27.809999
22.6	27.83
23.0	28.219999
23.17	28.4
22.98	28.27
22.92	28.120001
22.860001	28.16
23.040001	28.1
23.219999	28.459999
23.469999	28.6
23.1	28.33
22.82	27.790001
22.67	27.610001
22.74	27.48
22.84	27.559999
23.02	27.74
22.870001	27.629999
22.9	27.74
23.309999	28.02
23.299999	28.0
23.0	27.77
23.1	27.860001
22.85	27.709999
22.77	27.67
22.59	27.5
22.51	27.6
22.74	28.02
22.16	27.459999
21.870001	27.190001
22.26	27.379999
21.83	27.18
21.84	27.08
22.02	27.559999
21.639999	27.17
21.889999	27.34
22.040001	27.43
22.059999	27.799999
21.809999	27.5
22.059999	27.690001
22.459999	27.969999
22.309999	28.01
22.379999	28.01
22.379999	27.950001
22.48	28.07
22.51	28.24
22.639999	28.379999
22.4	28.16
22.17	28.040001
22.18	27.940001
22.18	27.879999
22.139999	27.9
22.25	28.09
22.379999	28.209999
22.190001	28.129999
22.299999	28.129999
22.49	28.09
22.700001	28.110001
22.73	28.309999
22.610001	28.389999
22.51	28.360001
22.610001	28.66
22.879999	29.040001
22.85	29.02
22.9	29.18
22.620001	29.08
22.83	29.23
22.860001	29.32
22.700001	29.139999
22.99	29.41
22.83	29.26
22.709999	29.17
22.74	28.969999
22.6	28.76
22.290001	28.33
22.780001	28.870001
22.57	28.74
22.719999	28.700001
22.860001	28.18
22.76	28.799999
23.08	28.940001
22.9	28.92
22.889999	29.049999
23.01	29.040001
22.709999	29.01
22.68	29.049999
22.469999	28.969999
22.49	28.700001
22.68	28.82
22.07	28.26
22.290001	28.42
22.370001	28.24
22.690001	28.51
22.23	27.98
22.389999	28.190001
22.190001	27.959999
22.49	28.120001
22.610001	28.51
22.309999	28.360001
22.43	28.440001
22.67	28.51
22.98	28.780001
23.17	28.93
23.040001	29.120001
22.48	28.719999
22.91	29.059999
22.83	29.07
22.68	28.99
22.59	28.93
22.719999	28.879999
22.59	28.83
22.84	28.9
22.620001	28.780001
22.870001	28.860001
22.940001	29.120001
22.709999	29.129999
22.84	29.040001
22.82	29.07
22.92	29.209999
22.73	29.110001
22.66	29.200001
22.719999	29.24
22.709999	29.34
22.780001	28.860001
22.9	28.98
22.85	29.120001
22.48	28.780001
22.35	28.68
22.440001	28.98
22.41	28.459999
22.690001	28.57
23.0	28.950001
23.02	28.950001
22.809999	28.879999
22.75	29.09
22.32	28.84
22.52	28.99
22.74	29.32
22.73	29.219999
22.950001	29.32
22.709999	29.17
22.49	28.799999
22.24	28.33
22.049999	28.290001
21.82	28.27
21.459999	28.16
21.610001	28.129999
21.67	28.309999
21.889999	28.440001
21.889999	28.41
21.860001	28.34
21.889999	28.440001
22.129999	28.809999
22.23	28.870001
22.370001	29.02
22.299999	29.049999
22.209999	28.93
22.25	28.809999
22.219999	28.700001
22.120001	28.77
22.120001	28.780001
22.09	29.120001
21.83	28.879999
21.700001	28.950001
21.58	28.700001
21.49	28.530001
21.34	28.43
21.26	28.379999
20.809999	27.5
20.48	27.129999
20.59	27.27
20.629999	27.280001
20.950001	27.700001
20.9	27.51
20.709999	27.1
20.91	27.190001
20.709999	27.139999
20.49	26.92
20.01	26.35
20.09	26.360001
19.959999	26.26
19.91	25.950001
20.43	26.33
20.6	26.51
20.93	26.790001
20.879999	26.74
20.959999	26.889999
21.16	26.959999
21.450001	27.129999
21.379999	27.01
21.200001	26.780001
21.059999	26.51
21.030001	26.48
20.790001	26.559999
20.950001	26.690001
21.02	26.75
20.620001	26.549999
20.23	25.93
20.610001	26.52
20.58	26.16
20.809999	26.360001
20.799999	26.15
21.120001	26.59
21.02	26.629999
20.799999	26.639999
21.16	26.91
20.59	26.440001
20.43	25.940001
20.309999	25.799999
20.040001	25.540001
20.200001	25.440001
20.4	25.719999
20.389999	25.67
20.040001	25.370001
20.040001	24.860001
19.299999	24.450001
19.08	24.16
18.870001	23.93
18.43	23.43
18.42	23.1
19.049999	23.82
19.110001	23.709999
19.25	23.85
19.25	23.959999
19.1	24.18
18.959999	24.030001
19.629999	24.65
19.690001	24.92
19.84	25.190001
20.120001	25.66
20.209999	25.77
20.209999	25.719999
20.129999	25.82
20.26	25.959999
20.309999	26.040001
20.5	26.25
20.58	26.42
20.07	26.16
20.16	26.110001
20.17	26.26
20.530001	26.620001
20.43	26.57
20.360001	26.73
20.690001	26.959999
20.59	27.049999
20.559999	27.129999
20.73	27.200001
21.07	27.360001
20.83	27.200001
20.82	27.01
20.780001	26.950001
20.719999	26.700001
20.93	27.01
20.74	26.959999
20.75	27.049999
21.08	27.41
21.209999	27.610001
21.139999	27.889999
21.049999	27.75
21.290001	27.9
21.4	27.879999
21.4	27.93
21.309999	28.0
21.280001	27.85
21.43	27.719999
21.32	27.65
21.389999	27.629999
21.41	27.48
21.35	27.33
21.26	27.32
21.450001	27.559999
21.309999	27.700001
21.42	27.85
21.360001	27.73
21.450001	27.76
21.52	27.959999
21.440001	27.940001
21.450001	27.91
21.58	27.860001
21.23	27.43
21.33	27.42
21.43	27.620001
21.209999	27.51
21.370001	27.58
21.52	27.639999
21.76	28.0
21.65	28.0
21.83	28.030001
21.629999	28.049999
21.530001	28.15
21.67	28.360001
21.559999	28.190001
21.709999	28.309999
21.65	28.26
21.860001	28.49
21.809999	28.49
21.92	28.52
21.9	28.639999
21.92	28.66
21.889999	28.66
21.98	28.66
21.870001	28.379999
21.879999	28.35
21.93	28.459999
21.9	28.52
21.77	28.549999
21.690001	28.35
21.66	28.17
21.83	28.379999
21.620001	28.34
21.4	28.030001
21.4	28.07
21.450001	28.0
21.709999	27.98
21.27	27.629999
21.25	27.860001
21.41	27.950001
21.59	28.15
21.42	28.08
21.879999	27.99
22.07	28.25
22.059999	28.02
21.92	27.620001
22.030001	27.83
21.889999	27.780001
21.77	27.52
21.809999	27.440001
21.799999	27.33
21.709999	27.4
22.040001	27.799999
21.950001	27.83
22.09	28.0
22.35	28.15
22.35	28.200001
22.58	28.200001
22.35	28.0
22.360001	28.1
22.209999	28.02
21.68	27.85
22.01	28.24
22.15	28.450001
22.4	28.77
22.27	28.59
22.43	28.65
22.35	28.440001
22.440001	28.469999
22.59	28.48
22.540001	28.620001
22.5	28.690001
22.49	28.75
22.77	29.0
22.780001	28.959999
22.49	28.799999
22.41	28.889999
22.5	28.969999
22.57	28.99
22.610001	28.99
22.639999	28.98
22.49	28.91
22.59	28.870001
22.709999	28.969999
22.75	28.83
22.709999	28.83
22.799999	28.83
22.809999	28.92
22.73	28.639999
22.68	28.700001
22.790001	28.65
22.59	28.58
22.41	28.389999
22.290001	28.24
22.200001	28.059999
21.389999	27.540001
21.24	27.639999
21.25	27.83
21.610001	28.209999
21.49	28.17
21.32	27.91
21.6	28.17
21.09	27.42
21.01	27.360001
21.23	27.719999
21.309999	27.889999
21.379999	27.700001
21.41	27.959999
21.34	27.85
21.08	27.42
21.219999	27.68
21.200001	27.700001
21.26	27.860001
21.440001	28.139999
21.68	28.190001
21.57	27.99
21.809999	28.309999
22.07	28.6
22.23	28.629999
22.299999	28.639999
22.299999	28.76
22.4	28.82
22.49	28.83
22.559999	28.84
22.49	28.98
22.629999	29.129999
22.459999	29.030001
22.52	29.16
22.379999	29.16
22.4	29.15
22.32	29.040001
22.32	29.01
22.280001	28.959999
22.290001	28.879999
22.25	28.9
21.969999	28.530001
21.450001	28.08
21.59	28.08
21.82	28.290001
21.73	28.219999
21.57	27.959999
21.700001	28.139999
21.879999	28.309999
22.139999	28.549999
21.959999	28.459999
22.24	28.559999
22.32	28.57
22.35	28.690001
22.32	28.59
22.51	28.799999
22.51	28.77
22.620001	28.75
22.629999	28.809999
22.700001	28.91
22.799999	28.9
22.74	28.85
22.719999	28.83
22.530001	28.780001
22.76	29.030001
22.690001	29.24
22.73	29.23
22.6	29.299999
22.84	29.440001
22.77	29.459999
22.9	29.440001
22.860001	29.459999
22.620001	29.549999
22.610001	29.549999
22.809999	29.73
22.74	29.76
22.85	29.59
22.440001	29.469999
22.41	29.530001
22.51	29.42
22.620001	29.559999
22.690001	29.620001
22.969999	29.66
22.83	29.629999
22.73	29.440001
22.33	29.219999
22.5	29.43
22.459999	29.4
22.66	29.48
22.549999	29.48
22.48	29.48
22.75	29.59
22.889999	29.639999
22.870001	29.68
22.82	29.51
22.610001	29.549999
22.620001	29.540001
22.6	29.57
22.610001	29.629999
22.629999	29.629999
22.65	29.66
22.790001	29.82
22.75	29.809999
22.719999	29.709999
22.639999	29.889999
22.74	29.98
22.5	29.83
22.620001	29.98
22.59	30.01
22.719999	29.98
22.73	30.030001
22.85	30.01
23.030001	30.17
23.17	30.190001
23.280001	30.35
23.540001	30.51
23.52	30.58
23.33	30.59
23.459999	30.43
23.440001	30.549999
23.25	30.41
22.75	30.030001
22.940001	30.26
22.84	30.1
22.83	30.15
22.26	29.67
22.309999	29.620001
22.700001	30.01
22.84	30.23
22.879999	30.370001
22.59	30.129999
22.67	30.23
22.83	30.43
23.120001	30.610001
22.99	30.5
23.049999	30.610001
22.98	30.52
23.1	30.780001
22.92	30.74
22.74	30.629999
21.77	29.92
21.459999	29.290001
21.190001	29.0
20.690001	27.959999
20.120001	27.59
20.42	28.17
20.219999	27.83
20.77	28.34
20.16	27.9
19.780001	27.299999
17.440001	23.91
18.940001	24.5
17.459999	23.42
15.12	20.299999
17.26	22.5
14.48	19.940001
15.56	19.559999
13.72	18.620001
13.95	19.01
13.38	18.76
12.82	17.65
14.39	19.92
14.99	21.08
15.68	21.780001
14.5	20.66
15.75	21.209999
15.54	21.85
15.01	20.790001
15.51	21.17
14.83	21.01
16.08	22.1
