23.930000
24.049999
24.389999
23.809999
23.320000
23.450001
23.410000
23.379999
22.980000
22.690001
22.940001
22.520000
23.059999
23.540001
23.709999
23.700001
23.230000
22.790001
22.690001
22.930000
22.730000
22.760000
22.770000
22.459999
22.540001
22.370001
22.459999
22.290001
21.610001
21.490000
21.580000
21.490000
21.969999
22.120001
21.910000
22.020000
22.180000
22.230000
22.309999
22.340000
22.379999
22.600000
22.500000
21.850000
21.440001
20.900000
21.030001
21.260000
21.389999
20.790001
20.840000
20.250000
20.440001
20.700001
20.709999
20.950001
20.900000
21.150000
21.040001
21.180000
21.230000
20.809999
20.559999
20.219999
20.270000
20.730000
20.790001
20.850000
20.920000
20.740000
21.090000
21.040001
20.520000
20.340000
20.650000
19.940001
19.950001
19.889999
19.860001
19.930000
19.700001
19.850000
19.280001
18.820000
17.340000
18.370001
18.879999
19.250000
19.150000
18.650000
17.790001
18.190001
17.940001
17.540001
18.340000
18.280001
18.360001
18.330000
18.440001
18.420000
18.900000
18.709999
18.610001
18.450001
18.200001
17.830000
18.100000
17.990000
17.709999
17.490000
17.920000
18.070000
18.250000
18.770000
18.879999
19.180000
19.459999
19.639999
19.570000
19.150000
19.260000
19.620001
19.570000
19.400000
19.280001
19.139999
19.530001
19.790001
19.730000
19.549999
19.389999
18.830000
18.920000
18.870001
19.209999
18.990000
18.809999
18.639999
18.160000
18.139999
18.340000
18.350000
18.110001
18.260000
18.459999
18.730000
19.200001
19.350000
19.230000
19.350000
19.160000
19.020000
19.090000
19.629999
19.430000
19.299999
19.389999
19.010000
18.629999
18.600000
18.610001
18.090000
18.100000
18.129999
18.650000
18.309999
18.530001
18.240000
18.379999
18.719999
18.730000
18.690001
19.200001
19.160000
18.959999
18.700001
18.420000
17.889999
17.129999
16.879999
17.020000
17.120001
16.820000
17.170000
16.250000
16.639999
16.580000
16.900000
17.209999
16.940001
17.280001
17.090000
17.400000
17.639999
17.670000
17.110001
17.350000
17.650000
17.190001
17.170000
16.840000
16.780001
16.719999
16.940001
17.320000
17.600000
17.660000
17.620001
18.110001
17.770000
17.580000
17.600000
17.299999
17.280001
17.840000
18.360001
18.719999
19.049999
19.320000
18.959999
19.410000
19.270000
19.770000
19.510000
19.070000
19.510000
19.940001
19.830000
19.719999
19.690001
19.270000
19.230000
19.290001
19.240000
19.330000
19.320000
19.200001
18.959999
18.400000
18.799999
18.410000
18.600000
18.610001
19.190001
19.490000
19.690001
19.879999
20.129999
20.440001
20.459999
20.330000
20.260000
20.150000
20.299999
19.809999
19.870001
19.930000
20.080000
19.830000
19.520000
19.510000
19.469999
19.370001
19.799999
19.730000
19.680000
19.400000
19.709999
19.680000
19.430000
19.370001
19.450001
19.320000
19.370001
19.490000
19.559999
19.580000
19.450001
19.420000
19.270000
19.639999
19.860001
20.059999
20.190001
19.930000
19.430000
19.250000
19.080000
19.090000
18.950001
19.110001
19.590000
19.730000
19.459999
20.000000
18.920000
18.360001
18.879999
19.120001
19.450001
19.540001
19.150000
19.379999
19.240000
19.709999
19.910000
20.270000
20.240000
20.450001
20.379999
20.480000
20.209999
20.320000
20.340000
20.320000
20.379999
20.549999
20.540001
20.610001
20.889999
20.660000
20.639999
20.559999
20.660000
20.809999
20.920000
21.030001
21.040001
21.100000
20.860001
21.000000
20.990000
20.990000
21.000000
20.809999
20.830000
20.959999
20.959999
20.950001
20.670000
20.650000
20.469999
20.219999
20.330000
20.340000
20.700001
20.650000
20.420000
19.770000
19.959999
19.280001
19.440001
19.809999
19.790001
19.870001
19.990000
20.440001
20.570000
20.540001
20.520000
20.740000
20.980000
20.740000
20.900000
20.940001
20.780001
20.900000
20.910000
20.830000
20.990000
20.590000
20.730000
20.670000
20.700001
20.639999
20.900000
21.059999
20.850000
20.730000
20.690001
20.860001
20.610001
20.260000
20.160000
20.280001
20.200001
19.990000
20.059999
19.900000
20.480000
20.680000
20.530001
20.490000
20.430000
20.480000
20.559999
20.160000
20.200001
20.030001
20.200001
20.420000
20.610001
20.830000
20.750000
20.780001
20.440001
20.660000
20.690001
20.730000
20.750000
21.040001
21.100000
21.150000
21.200001
21.320000
20.920000
20.780001
20.570000
20.530001
20.730000
20.180000
20.200001
20.049999
20.139999
20.219999
20.379999
20.230000
20.590000
20.850000
21.049999
20.940001
21.170000
21.209999
21.430000
21.520000
21.430000
21.379999
21.200001
21.290001
21.290001
21.230000
21.389999
21.459999
21.340000
21.400000
21.230000
21.240000
21.350000
21.570000
21.590000
21.389999
21.340000
21.450001
21.559999
21.850000
21.959999
21.980000
22.280001
22.280001
22.240000
22.330000
22.370001
22.370001
22.080000
22.059999
21.950001
22.200001
21.950001
21.980000
21.920000
22.010000
21.860001
21.860001
22.049999
22.120001
21.969999
22.650000
22.450001
22.490000
22.530001
22.219999
22.100000
22.020000
22.170000
22.170000
22.490000
22.750000
22.780001
22.610001
22.540001
22.480000
22.450001
22.420000
22.309999
22.389999
22.549999
22.490000
22.430000
22.559999
22.260000
22.040001
22.270000
22.330000
22.570000
22.620001
22.410000
22.400000
22.459999
22.680000
22.660000
22.160000
22.000000
22.100000
21.959999
21.690001
21.879999
21.850000
21.750000
21.900000
22.010000
21.450001
21.500000
21.690001
21.850000
21.850000
21.879999
21.809999
21.670000
21.559999
21.490000
21.450001
21.719999
21.730000
21.490000
21.490000
21.590000
21.570000
21.549999
22.020000
22.230000
22.059999
22.160000
22.240000
21.370001
21.160000
21.209999
21.360001
21.379999
21.309999
21.760000
21.799999
21.680000
21.580000
21.680000
21.480000
21.480000
21.530001
21.580000
21.670000
21.900000
22.260000
22.180000
22.250000
22.650000
22.709999
22.389999
22.400000
22.639999
22.879999
22.760000
22.620001
22.700001
22.780001
22.709999
22.530001
22.549999
22.600000
22.500000
22.440001
22.180000
22.240000
22.340000
22.280001
22.790001
22.500000
22.610001
22.590000
22.730000
22.620001
22.580000
22.700001
22.650000
22.490000
22.379999
22.650000
22.820000
22.680000
22.760000
22.889999
22.809999
23.010000
23.160000
22.969999
22.969999
22.900000
22.830000
22.980000
22.930000
22.549999
22.709999
22.639999
22.469999
22.389999
22.350000
22.440001
22.540001
22.440001
22.320000
22.219999
22.219999
22.230000
22.410000
22.469999
22.629999
22.959999
22.990000
23.070000
23.070000
23.110001
23.110001
22.969999
23.000000
22.690001
22.690001
22.799999
22.760000
22.700001
22.809999
22.980000
22.850000
22.940001
22.900000
23.120001
23.170000
23.170000
23.010000
22.750000
22.680000
22.830000
22.629999
22.680000
22.820000
22.940001
22.930000
22.830000
22.959999
22.830000
22.770000
22.850000
22.700001
22.660000
22.600000
22.590000
22.660000
22.709999
22.830000
23.170000
23.110001
23.139999
23.299999
22.700001
22.700001
22.860001
22.969999
22.969999
23.090000
23.190001
23.170000
23.320000
23.469999
23.559999
23.700001
23.570000
23.600000
23.400000
23.540001
23.670000
23.459999
23.590000
23.610001
23.660000
23.690001
23.740000
23.879999
23.809999
24.110001
23.940001
23.750000
23.770000
23.879999
23.520000
22.730000
22.950001
22.469999
21.840000
22.120001
22.469999
22.600000
23.000000
23.170000
22.980000
22.920000
22.860001
23.040001
23.219999
23.469999
23.100000
22.820000
22.670000
22.740000
22.840000
23.020000
22.870001
22.900000
23.309999
23.299999
23.000000
23.100000
22.850000
22.770000
22.590000
22.510000
22.740000
22.160000
21.870001
22.260000
21.830000
21.840000
22.020000
21.639999
21.889999
22.040001
22.059999
21.809999
22.059999
22.459999
22.309999
22.379999
22.379999
22.480000
22.510000
22.639999
22.400000
22.170000
22.180000
22.180000
22.139999
22.250000
22.379999
22.190001
22.299999
22.490000
22.700001
22.730000
22.610001
22.510000
22.610001
22.879999
22.850000
22.900000
22.620001
22.830000
22.860001
22.700001
22.990000
22.830000
22.709999
22.740000
22.600000
22.290001
22.780001
22.570000
22.719999
22.860001
22.760000
23.080000
22.900000
22.889999
23.010000
22.709999
22.680000
22.469999
22.490000
22.680000
22.070000
22.290001
22.370001
22.690001
22.230000
22.389999
22.190001
22.490000
22.610001
22.309999
22.430000
22.670000
22.980000
23.170000
23.040001
22.480000
22.910000
22.830000
22.680000
22.590000
22.719999
22.590000
22.840000
22.620001
22.870001
22.940001
22.709999
22.840000
22.820000
22.920000
22.730000
22.660000
22.719999
22.709999
22.780001
22.900000
22.850000
22.480000
22.350000
22.440001
22.410000
22.690001
23.000000
23.020000
22.809999
22.750000
22.320000
22.520000
22.740000
22.730000
22.950001
22.709999
22.490000
22.240000
22.049999
21.820000
21.459999
21.610001
21.670000
21.889999
21.889999
21.860001
21.889999
22.129999
22.230000
22.370001
22.299999
22.209999
22.250000
22.219999
22.120001
22.120001
22.090000
21.830000
21.700001
21.580000
21.490000
21.340000
21.260000
20.809999
20.480000
20.590000
20.629999
20.950001
20.900000
20.709999
20.910000
20.709999
20.490000
20.010000
20.090000
19.959999
19.910000
20.430000
20.600000
20.930000
20.879999
20.959999
21.160000
21.450001
21.379999
21.200001
21.059999
21.030001
20.790001
20.950001
21.020000
20.620001
20.230000
20.610001
20.580000
20.809999
20.799999
21.120001
21.020000
20.799999
21.160000
20.590000
20.430000
20.309999
20.040001
20.200001
20.400000
20.389999
20.040001
20.040001
19.299999
19.080000
18.870001
18.430000
18.420000
19.049999
19.110001
19.250000
19.250000
19.100000
18.959999
19.629999
19.690001
19.840000
20.120001
20.209999
20.209999
20.129999
20.260000
20.309999
20.500000
20.580000
20.070000
20.160000
20.170000
20.530001
20.430000
20.360001
20.690001
20.590000
20.559999
20.730000
21.070000
20.830000
20.820000
20.780001
20.719999
20.930000
20.740000
20.750000
21.080000
21.209999
21.139999
21.049999
21.290001
21.400000
21.400000
21.309999
21.280001
21.430000
21.320000
21.389999
21.410000
21.350000
21.260000
21.450001
21.309999
21.420000
21.360001
21.450001
21.520000
21.440001
21.450001
21.580000
21.230000
21.330000
21.430000
21.209999
21.370001
21.520000
21.760000
21.650000
21.830000
21.629999
21.530001
21.670000
21.559999
21.709999
21.650000
21.860001
21.809999
21.920000
21.900000
21.920000
21.889999
21.980000
21.870001
21.879999
21.930000
21.900000
21.770000
21.690001
21.660000
21.830000
21.620001
21.400000
21.400000
21.450001
21.709999
21.270000
21.250000
21.410000
21.590000
21.420000
21.879999
22.070000
22.059999
21.920000
22.030001
21.889999
21.770000
21.809999
21.799999
21.709999
22.040001
21.950001
22.090000
22.350000
22.350000
22.580000
22.350000
22.360001
22.209999
21.680000
22.010000
22.150000
22.400000
22.270000
22.430000
22.350000
22.440001
22.590000
22.540001
22.500000
22.490000
22.770000
22.780001
22.490000
22.410000
22.500000
22.570000
22.610001
22.639999
22.490000
22.590000
22.709999
22.750000
22.709999
22.799999
22.809999
22.730000
22.680000
22.790001
22.590000
22.410000
22.290001
22.200001
21.389999
21.240000
21.250000
21.610001
21.490000
21.320000
21.600000
21.090000
21.010000
21.230000
21.309999
21.379999
21.410000
21.340000
21.080000
21.219999
21.200001
21.260000
21.440001
21.680000
21.570000
21.809999
22.070000
22.230000
22.299999
22.299999
22.400000
22.490000
22.559999
22.490000
22.629999
22.459999
22.520000
22.379999
22.400000
22.320000
22.320000
22.280001
22.290001
22.250000
21.969999
21.450001
21.590000
21.820000
21.730000
21.570000
21.700001
21.879999
22.139999
21.959999
22.240000
22.320000
22.350000
22.320000
22.510000
22.510000
22.620001
22.629999
22.700001
22.799999
22.740000
22.719999
22.530001
22.760000
22.690001
22.730000
22.600000
22.840000
22.770000
22.900000
22.860001
22.620001
22.610001
22.809999
22.740000
22.850000
22.440001
22.410000
22.510000
22.620001
22.690001
22.969999
22.830000
22.730000
22.330000
22.500000
22.459999
22.660000
22.549999
22.480000
22.750000
22.889999
22.870001
22.820000
22.610001
22.620001
22.600000
22.610001
22.629999
22.650000
22.790001
22.750000
22.719999
22.639999
22.740000
22.500000
22.620001
22.590000
22.719999
22.730000
22.850000
23.030001
23.170000
23.280001
23.540001
23.520000
23.330000
23.459999
23.440001
23.250000
22.750000
22.940001
22.840000
22.830000
22.260000
22.309999
22.700001
22.840000
22.879999
22.590000
22.670000
22.830000
23.120001
22.990000
23.049999
22.980000
23.100000
22.920000
22.740000
21.770000
21.459999
21.190001
20.690001
20.120001
20.420000
20.219999
20.770000
20.160000
19.780001
17.440001
18.940001
17.459999
15.120000
17.260000
14.480000
15.560000
13.720000
13.950000
13.380000
12.820000
14.390000
14.990000
15.680000
14.500000
15.750000
15.540000
15.010000
15.510000
14.830000
16.080000
15.630000
15.760000
16.629999
16.570000
17.139999
16.299999
16.410000
16.830000
16.230000
15.500000
16.190001
16.090000
