28.459999
27.629999
27.139999
26.389999
26.360001
27.510000
27.670000
28.160000
27.860001
27.360001
27.040001
26.809999
26.490000
25.200001
25.680000
25.379999
25.430000
25.469999
26.389999
26.170000
25.860001
26.719999
26.670000
25.700001
25.480000
25.910000
25.790001
26.590000
26.590000
26.660000
27.379999
27.430000
27.430000
27.620001
27.510000
27.080000
26.650000
26.200001
26.430000
26.250000
25.030001
24.870001
24.610001
24.610001
24.820000
25.440001
25.650000
26.209999
26.139999
26.440001
26.309999
26.469999
25.680000
25.580000
26.059999
25.650000
26.230000
26.389999
26.580000
26.440001
26.340000
26.520000
26.660000
27.139999
26.990000
27.230000
27.090000
26.879999
26.980000
26.830000
25.900000
25.799999
25.770000
25.730000
26.459999
26.680000
26.309999
26.090000
25.940001
25.430000
25.570000
25.639999
26.320000
26.209999
26.100000
26.639999
26.860001
27.230000
27.010000
27.120001
27.190001
27.240000
27.610001
27.690001
27.600000
27.670000
27.540001
27.780001
27.709999
27.490000
27.299999
27.799999
27.660000
27.809999
27.889999
28.030001
28.330000
28.150000
28.719999
28.900000
28.549999
28.910000
29.000000
29.010000
29.400000
29.270000
29.080000
29.010000
28.410000
28.809999
28.639999
28.590000
28.879999
28.809999
28.469999
28.600000
28.920000
29.030001
29.219999
29.280001
29.930000
30.010000
30.150000
29.850000
30.059999
29.959999
29.389999
29.370001
28.650000
28.719999
29.240000
29.549999
29.549999
29.049999
29.620001
29.379999
29.440001
29.330000
30.040001
30.440001
30.500000
30.559999
30.410000
30.209999
30.270000
30.500000
30.650000
30.629999
30.570000
30.459999
30.379999
30.230000
30.219999
30.340000
30.500000
30.459999
30.670000
30.950001
30.930000
31.000000
31.250000
30.920000
30.980000
30.830000
30.850000
30.730000
31.180000
31.440001
31.240000
31.320000
31.490000
31.129999
30.850000
30.920000
31.000000
30.719999
31.240000
31.190001
31.010000
31.290001
31.920000
31.969999
32.209999
32.209999
32.189999
32.230000
32.009998
32.119999
32.220001
32.480000
32.470001
32.950001
33.110001
33.110001
32.599998
32.650002
32.610001
33.180000
33.669998
33.470001
33.630001
33.889999
33.980000
33.529999
33.400002
33.220001
32.349998
32.590000
32.450001
31.920000
31.629999
32.310001
32.480000
33.180000
33.150002
33.250000
33.310001
33.130001
32.880001
33.070000
33.540001
33.610001
33.930000
34.000000
34.200001
34.209999
33.970001
34.290001
33.759998
33.119999
33.169998
33.189999
33.110001
32.759998
33.110001
33.580002
33.840000
33.619999
33.720001
33.730000
33.709999
33.700001
33.810001
33.150002
32.759998
32.040001
32.279999
32.650002
32.790001
32.139999
32.040001
31.770000
31.760000
31.910000
32.400002
32.470001
32.340000
31.760000
32.090000
32.419998
32.549999
32.580002
32.900002
31.969999
31.940001
31.850000
31.320000
31.360001
31.080000
31.389999
30.840000
30.709999
31.270000
30.629999
30.299999
30.240000
30.330000
31.049999
30.780001
30.430000
30.000000
30.150000
30.670000
31.250000
31.670000
31.900000
31.990000
31.840000
32.029999
31.940001
31.270000
31.400000
31.830000
31.590000
31.959999
31.600000
32.099998
32.240002
32.590000
32.610001
32.570000
32.290001
31.400000
31.360001
30.940001
31.000000
30.240000
30.389999
28.930000
28.430000
26.879999
28.379999
27.930000
29.070000
29.020000
29.690001
29.260000
29.440001
28.230000
27.799999
27.900000
28.620001
28.760000
28.520000
28.700001
29.290001
29.549999
29.889999
29.850000
29.320000
28.969999
29.540001
29.340000
28.440001
27.990000
28.260000
28.320000
28.889999
28.680000
28.100000
28.080000
27.080000
25.639999
25.430000
26.030001
26.520000
25.760000
25.920000
25.490000
24.559999
24.360001
25.420000
26.190001
25.750000
26.780001
26.590000
27.200001
26.830000
27.510000
26.809999
27.250000
26.670000
26.740000
27.230000
27.840000
27.350000
27.860001
28.950001
28.990000
28.240000
27.320000
27.680000
28.389999
28.049999
28.240000
28.410000
27.290001
27.309999
27.879999
27.580000
27.420000
27.280001
26.559999
26.600000
25.990000
26.010000
25.260000
24.959999
25.740000
26.139999
27.459999
27.400000
27.190001
27.410000
27.420000
27.580000
26.750000
27.110001
26.549999
26.030001
25.430000
25.440001
25.760000
25.400000
25.620001
25.860001
26.280001
26.400000
26.309999
25.900000
26.190001
26.600000
27.400000
27.350000
27.180000
26.900000
26.980000
27.330000
27.200001
27.340000
27.129999
27.290001
27.629999
27.790001
27.750000
28.240000
27.860001
28.350000
28.190001
28.260000
28.070000
28.110001
28.360001
28.459999
28.780001
28.610001
28.500000
28.510000
28.440001
28.000000
28.139999
28.030001
28.090000
28.480000
28.379999
28.750000
28.870001
29.000000
28.900000
28.850000
29.100000
29.020000
29.320000
29.049999
28.629999
27.910000
27.990000
28.480000
28.590000
28.340000
28.790001
28.320000
28.530001
28.719999
28.760000
28.530001
28.549999
28.110001
28.370001
28.870001
28.629999
28.360001
28.299999
28.340000
28.799999
28.370001
27.870001
27.709999
27.459999
27.030001
27.240000
27.959999
27.440001
27.410000
27.950001
27.900000
27.830000
27.920000
27.570000
27.639999
28.080000
28.110001
28.450001
28.360001
28.520000
28.260000
27.680000
27.110001
27.200001
26.660000
26.510000
26.610001
26.590000
26.059999
25.680000
25.490000
25.270000
25.120001
25.629999
25.510000
25.730000
25.680000
25.540001
25.879999
25.260000
25.320000
24.850000
24.799999
25.180000
25.760000
25.700001
25.510000
25.100000
25.520000
25.440001
25.570000
25.770000
25.860001
26.410000
26.340000
25.120001
25.299999
24.920000
25.070000
25.240000
25.090000
25.840000
25.950001
26.590000
26.490000
25.959999
25.889999
25.549999
25.690001
25.440001
25.750000
25.760000
25.920000
26.000000
26.270000
26.030001
25.750000
25.480000
25.650000
26.129999
26.530001
26.600000
26.290001
26.170000
25.900000
26.400000
26.459999
26.940001
26.850000
27.070000
27.190001
26.990000
27.110001
27.260000
27.650000
27.709999
27.760000
27.799999
27.740000
27.500000
27.629999
27.590000
27.580000
27.549999
27.250000
27.500000
27.530001
27.520000
28.059999
28.540001
28.430000
28.559999
28.580000
29.090000
29.389999
29.170000
29.120001
29.110001
28.980000
28.879999
28.660000
28.420000
28.309999
28.700001
28.490000
28.700001
28.730000
28.530001
28.959999
28.900000
28.830000
28.629999
28.370001
28.520000
28.360001
28.440001
28.700001
29.059999
28.920000
28.570000
28.559999
28.129999
28.020000
28.299999
28.190001
28.490000
28.690001
28.389999
28.320000
28.480000
28.090000
27.820000
27.850000
27.879999
27.709999
27.170000
26.940001
27.100000
27.639999
27.620001
27.780001
28.180000
28.090000
27.879999
28.049999
28.180000
28.110001
28.049999
28.000000
28.100000
28.129999
28.150000
28.410000
28.540001
28.760000
28.620001
28.500000
28.620001
28.379999
28.430000
28.480000
28.320000
28.260000
28.209999
28.200001
28.000000
28.400000
28.879999
28.620001
28.780001
28.719999
28.700001
28.780001
29.030001
29.049999
29.120001
29.180000
29.040001
29.160000
29.190001
29.379999
29.110001
29.080000
28.980000
29.000000
29.160000
29.059999
28.870001
29.080000
28.920000
29.070000
29.150000
28.980000
28.980000
28.879999
29.010000
28.969999
28.900000
28.629999
28.740000
28.400000
28.219999
28.290001
27.959999
28.049999
28.299999
28.219999
28.299999
28.190001
28.219999
28.290001
28.370001
28.379999
28.520000
28.570000
28.219999
28.530001
28.670000
28.410000
28.270000
28.450001
28.299999
28.379999
28.200001
28.410000
28.379999
28.510000
28.410000
28.459999
27.850000
27.709999
27.540001
27.540001
27.900000
28.090000
28.059999
27.660000
26.530001
26.969999
26.450001
26.530001
26.690001
26.709999
26.719999
27.170000
27.389999
27.250000
27.620001
28.020000
27.770000
27.860001
28.010000
28.100000
28.219999
28.610001
28.350000
28.320000
28.250000
28.180000
27.940001
27.920000
27.930000
28.240000
28.270000
28.090000
28.020000
28.000000
28.020000
28.129999
28.290001
27.730000
28.010000
27.790001
27.410000
27.580000
27.660000
27.740000
27.389999
27.090000
27.629999
27.379999
27.610001
27.719999
27.320000
26.420000
26.320000
25.910000
26.190001
26.299999
26.100000
26.150000
26.219999
26.180000
26.110001
26.040001
26.260000
26.570000
26.590000
27.370001
27.240000
27.370001
27.450001
27.480000
27.770000
27.910000
28.120001
28.180000
27.940001
28.110001
28.040001
28.150000
27.770000
27.629999
27.700001
27.600000
27.510000
27.320000
27.059999
27.639999
27.690001
27.770000
27.809999
27.850000
28.030001
28.030001
27.660000
27.709999
27.290001
27.430000
27.680000
27.670000
27.360001
27.410000
27.450001
27.389999
27.580000
27.719999
27.910000
28.090000
28.250000
28.260000
28.400000
28.070000
28.070000
28.350000
28.450001
28.860001
28.700001
28.389999
28.379999
28.389999
28.350000
28.400000
28.430000
28.309999
28.430000
28.379999
28.170000
28.309999
28.299999
27.959999
27.990000
28.400000
28.510000
28.570000
28.490000
28.670000
28.940001
29.180000
29.240000
29.440001
29.190001
29.240000
29.320000
29.320000
29.379999
29.379999
29.360001
29.270000
29.360001
29.240000
29.440001
29.139999
29.320000
29.280001
29.160000
29.360001
29.480000
29.610001
29.629999
29.469999
29.510000
29.440001
29.450001
29.350000
29.129999
28.980000
29.090000
28.980000
28.700001
28.590000
28.480000
28.610001
28.760000
28.850000
28.420000
28.290001
28.389999
28.600000
28.520000
28.290001
28.490000
28.580000
28.780001
28.920000
29.070000
28.860001
29.020000
29.160000
28.959999
28.940001
28.750000
28.639999
28.620001
28.540001
28.670000
28.639999
28.450001
28.580000
28.740000
28.730000
28.889999
28.700001
28.600000
28.150000
27.740000
27.900000
27.740000
27.950001
27.930000
27.570000
27.650000
27.760000
28.139999
28.350000
28.350000
28.610001
28.730000
28.940001
29.059999
29.160000
28.940001
29.059999
28.990000
29.139999
29.110001
28.980000
29.020000
29.180000
29.110001
29.230000
29.389999
29.490000
29.280001
29.270000
29.200001
29.340000
29.280001
29.129999
29.250000
29.330000
28.990000
29.030001
29.090000
29.030001
29.170000
29.129999
29.230000
29.360001
29.549999
29.700001
29.840000
29.680000
29.840000
29.559999
29.930000
30.200001
29.750000
29.500000
29.650000
29.660000
29.830000
29.940001
29.930000
30.020000
29.980000
30.000000
29.959999
30.000000
30.379999
30.540001
30.490000
30.629999
30.549999
30.570000
30.620001
30.600000
30.389999
30.639999
30.660000
30.709999
30.549999
30.459999
30.520000
30.340000
30.600000
30.750000
30.860001
30.740000
30.620001
30.650000
30.700001
30.670000
30.750000
30.770000
30.799999
30.900000
31.049999
31.110001
31.230000
31.299999
31.520000
31.650000
31.570000
31.719999
31.840000
32.040001
32.119999
31.790001
31.629999
31.860001
32.119999
32.209999
32.369999
32.389999
32.540001
32.279999
32.279999
32.470001
32.290001
32.070000
32.220001
32.000000
32.290001
32.209999
32.450001
32.419998
32.580002
32.740002
32.720001
32.650002
32.680000
32.509998
32.610001
32.160000
31.850000
32.040001
31.650000
31.820000
31.600000
31.610001
31.910000
31.920000
31.920000
32.029999
32.119999
32.200001
32.340000
32.419998
32.500000
32.439999
32.470001
32.610001
32.849998
32.830002
32.860001
32.730000
32.950001
32.799999
32.840000
32.419998
32.490002
32.439999
32.299999
32.180000
32.209999
32.520000
32.320000
32.470001
32.080002
31.610001
31.459999
31.430000
30.790001
30.990000
30.860001
30.690001
30.450001
30.379999
30.270000
30.469999
29.990000
30.350000
29.719999
29.160000
28.840000
28.549999
28.299999
28.730000
29.030001
29.190001
29.799999
29.230000
29.639999
29.820000
29.629999
30.120001
29.879999
29.760000
29.920000
29.459999
29.040001
29.430000
29.340000
29.850000
29.799999
30.010000
30.250000
30.000000
30.320000
30.330000
30.520000
30.440001
30.730000
31.030001
30.700001
30.910000
30.940001
29.940001
29.850000
29.709999
30.030001
29.459999
29.280001
28.500000
28.660000
27.900000
27.860001
27.400000
27.160000
27.549999
27.860001
28.240000
28.559999
28.350000
28.709999
28.760000
28.879999
28.860001
28.860001
28.860001
28.690001
27.920000
27.510000
27.540001
27.879999
27.639999
27.200001
27.080000
26.910000
26.760000
27.260000
26.940001
27.020000
27.250000
27.260000
27.190001
27.389999
26.700001
26.580000
26.440001
27.139999
27.870001
27.350000
27.889999
27.610001
27.799999
27.600000
27.520000
27.980000
28.080000
28.370001
28.059999
27.830000
27.709999
27.709999
27.870001
28.150000
27.959999
28.020000
28.030001
27.870001
27.889999
27.750000
27.270000
27.160000
26.590000
26.600000
26.790001
26.559999
26.900000
26.930000
27.510000
26.850000
27.450001
27.590000
27.809999
27.530001
27.469999
27.070000
27.090000
27.180000
27.299999
27.629999
27.900000
28.000000
28.000000
28.120001
28.250000
28.209999
28.469999
29.030001
29.160000
29.010000
29.120001
28.879999
28.940001
29.320000
29.280001
29.290001
29.500000
29.540001
29.120001
29.139999
29.330000
29.000000
28.780001
28.670000
28.930000
28.860001
28.840000
28.809999
28.850000
28.930000
28.709999
28.480000
28.459999
28.690001
28.480000
27.900000
27.940001
27.990000
27.780001
27.690001
27.980000
28.010000
27.650000
27.700001
27.350000
27.620001
27.930000
27.870001
27.559999
27.590000
27.620001
27.730000
27.809999
27.469999
27.670000
27.850000
27.780001
27.600000
27.530001
26.750000
26.670000
26.559999
26.700001
26.410000
26.350000
25.900000
25.770000
26.040001
26.160000
26.260000
26.040001
26.070000
25.900000
25.540001
25.500000
25.260000
25.129999
25.030001
24.750000
25.129999
25.500000
25.530001
25.549999
25.240000
25.400000
25.410000
25.389999
25.160000
25.680000
25.360001
25.469999
25.150000
25.160000
25.120001
25.040001
24.660000
24.150000
23.510000
22.650000
22.719999
23.200001
24.040001
24.200001
24.270000
23.500000
23.549999
23.740000
23.370001
23.770000
23.559999
23.670000
23.440001
23.250000
23.440001
24.160000
24.150000
23.840000
23.959999
23.370001
23.049999
23.040001
23.080000
22.320000
22.330000
23.000000
23.000000
23.350000
23.840000
24.120001
24.490000
24.780001
24.920000
24.700001
24.490000
24.780001
24.830000
24.750000
24.370001
24.600000
24.030001
24.430000
24.430000
24.160000
23.870001
24.290001
24.209999
23.799999
23.969999
24.280001
23.980000
23.750000
23.520000
23.410000
23.320000
23.209999
22.780001
22.580000
23.030001
23.010000
23.230000
23.410000
23.240000
23.070000
23.270000
23.240000
23.110001
23.270000
23.600000
23.280001
23.059999
23.100000
22.309999
21.969999
22.080000
22.080000
21.570000
21.430000
21.830000
22.129999
21.629999
21.629999
21.330000
21.450001
21.920000
21.980000
21.650000
21.900000
21.660000
21.500000
21.190001
21.090000
20.629999
20.139999
20.049999
19.780001
19.820000
19.379999
19.629999
18.969999
18.889999
18.650000
19.250000
20.010000
19.480000
20.030001
20.059999
20.540001
20.910000
20.809999
20.299999
20.900000
21.260000
20.980000
20.580000
20.200001
19.990000
19.799999
20.410000
20.719999
21.549999
21.540001
21.299999
21.450001
21.180000
21.230000
21.490000
21.629999
21.629999
22.110001
22.150000
22.389999
22.620001
23.040001
22.680000
23.100000
22.920000
23.389999
23.270000
22.990000
23.490000
23.950001
23.709999
23.709999
23.700001
23.200001
23.090000
23.230000
23.469999
23.799999
23.709999
23.610001
23.320000
23.080000
23.280001
23.020000
23.500000
23.719999
24.280001
24.379999
24.320000
24.240000
24.450001
24.980000
25.120001
24.930000
25.059999
24.889999
25.059999
25.180000
25.260000
25.400000
25.250000
24.629999
24.160000
24.150000
24.180000
23.799999
24.240000
24.340000
24.410000
24.139999
24.500000
24.549999
24.200001
24.020000
24.160000
24.120001
24.160000
24.610001
24.730000
24.730000
24.480000
24.540001
24.610001
25.049999
25.389999
25.650000
25.670000
25.480000
25.049999
24.900000
24.580000
24.500000
24.379999
24.580000
24.920000
24.940001
24.650000
25.049999
24.139999
23.620001
23.980000
24.370001
24.510000
24.830000
24.580000
24.730000
24.490000
24.639999
24.660000
25.070000
25.150000
25.410000
25.280001
25.379999
25.200001
25.200001
25.139999
25.110001
24.790001
24.959999
24.950001
24.980000
25.240000
24.930000
24.900000
25.100000
25.129999
25.110001
25.330000
25.480000
25.530001
25.820000
25.730000
25.860001
25.889999
25.860001
26.040001
25.870001
25.790001
25.940001
25.730000
25.690001
25.600000
25.650000
25.530001
25.309999
25.490000
25.860001
26.170000
26.070000
26.020000
25.350000
25.440001
24.770000
24.750000
25.090000
24.910000
25.000000
25.020000
25.540001
25.770000
25.430000
25.200001
25.180000
25.680000
25.610001
25.690001
25.639999
25.230000
25.450001
25.350000
25.139999
25.410000
25.219999
25.270000
25.379999
25.420000
25.490000
25.740000
25.920000
25.740000
25.700001
25.580000
25.559999
25.469999
25.510000
25.450001
25.350000
25.379999
25.100000
25.070000
24.930000
25.250000
25.410000
25.450001
25.299999
24.850000
24.889999
25.370001
25.320000
25.420000
25.459999
25.980000
25.980000
25.930000
25.879999
25.900000
25.850000
26.010000
26.110001
26.230000
26.320000
26.360001
26.650000
26.860001
26.940001
27.000000
27.170000
26.580000
26.530001
26.590000
26.440001
26.580000
26.299999
26.209999
26.070000
26.070000
26.020000
26.170000
26.150000
26.299999
26.740000
26.940001
26.889999
26.700001
26.740000
26.990000
27.000000
27.129999
27.160000
26.709999
26.620001
26.830000
26.820000
27.299999
27.540001
27.469999
27.260000
27.010000
27.180000
27.100000
27.170000
27.270000
27.080000
27.000000
27.100000
27.290001
27.590000
27.680000
27.770000
27.830000
27.840000
27.780001
27.830000
27.680000
27.600000
27.219999
27.170000
26.690001
26.879999
26.680000
26.840000
26.879999
26.830000
26.500000
26.500000
26.530001
26.660000
26.320000
26.850000
26.870001
26.709999
26.610001
26.309999
26.469999
26.570000
26.530001
26.620001
26.830000
27.040001
26.879999
26.879999
26.780001
26.879999
26.770000
26.910000
26.870001
27.100000
27.070000
27.049999
26.690001
27.030001
26.799999
26.490000
26.650000
26.570000
26.809999
26.780001
26.490000
26.209999
26.260000
26.219999
26.219999
26.129999
25.809999
26.290001
26.320000
26.129999
26.370001
26.150000
26.110001
26.370001
26.340000
25.799999
25.809999
26.280001
26.430000
26.389999
26.410000
26.309999
26.379999
26.290001
26.160000
26.350000
26.340000
26.350000
26.490000
26.180000
26.299999
26.510000
26.580000
26.750000
26.420000
26.320000
26.549999
26.629999
26.100000
25.980000
26.260000
26.360001
26.430000
26.540001
26.969999
26.790001
26.760000
26.940001
26.760000
26.650000
26.760000
26.900000
26.879999
27.290001
27.330000
27.549999
27.430000
27.540001
27.790001
27.860001
27.799999
27.820000
27.940001
27.980000
27.770000
27.900000
27.900000
27.830000
27.900000
27.770000
27.770000
27.740000
27.700001
27.549999
27.170000
27.209999
27.299999
27.209999
27.410000
27.219999
27.270000
27.309999
27.400000
27.580000
27.639999
27.719999
27.620001
27.650000
27.530001
27.870001
28.110001
27.889999
28.209999
28.379999
28.280001
28.480000
28.500000
28.490000
28.600000
28.590000
28.490000
28.639999
28.690001
28.830000
28.809999
28.840000
28.809999
28.830000
28.940001
28.940001
28.959999
29.080000
29.110001
28.990000
28.950001
28.959999
29.110001
29.280001
29.180000
29.260000
29.170000
29.160000
29.280001
29.330000
29.100000
29.030001
29.040001
28.719999
28.650000
28.830000
28.920000
28.790001
28.889999
28.969999
29.110001
29.330000
29.270000
29.350000
29.410000
29.320000
29.200001
29.010000
28.900000
29.020000
29.049999
29.040001
29.180000
29.389999
29.410000
29.160000
29.070000
28.860001
28.940001
29.370001
29.209999
29.129999
28.910000
29.040001
29.139999
29.160000
29.200001
29.280001
29.190001
29.000000
29.190001
28.790001
28.910000
29.150000
29.170000
29.260000
29.379999
29.620001
29.639999
29.910000
30.020000
30.230000
30.340000
30.240000
30.160000
29.860001
30.010000
30.110001
30.230000
30.299999
30.230000
30.139999
30.260000
30.330000
30.420000
30.200001
30.320000
30.040001
29.850000
29.879999
29.780001
28.959999
28.150000
28.270000
28.059999
27.420000
27.469999
27.809999
27.830000
28.219999
28.400000
28.270000
28.120001
28.160000
28.100000
28.459999
28.600000
28.330000
27.790001
27.610001
27.480000
27.559999
27.740000
27.629999
27.740000
28.020000
28.000000
27.770000
27.860001
27.709999
27.670000
27.500000
27.600000
28.020000
27.459999
27.190001
27.379999
27.180000
27.080000
27.559999
27.170000
27.340000
27.430000
27.799999
27.500000
27.690001
27.969999
28.010000
28.010000
27.950001
28.070000
28.240000
28.379999
28.160000
28.040001
27.940001
27.879999
27.900000
28.090000
28.209999
28.129999
28.129999
28.090000
28.110001
28.309999
28.389999
28.360001
28.660000
29.040001
29.020000
29.180000
29.080000
29.230000
29.320000
29.139999
29.410000
29.260000
29.170000
28.969999
28.760000
28.330000
28.870001
28.740000
28.700001
28.180000
28.799999
28.940001
28.920000
29.049999
29.040001
29.010000
29.049999
28.969999
28.700001
28.820000
28.260000
28.420000
28.240000
28.510000
27.980000
28.190001
27.959999
28.120001
28.510000
28.360001
28.440001
28.510000
28.780001
28.930000
29.120001
28.719999
29.059999
29.070000
28.990000
28.930000
28.879999
28.830000
28.900000
28.780001
28.860001
29.120001
29.129999
29.040001
29.070000
29.209999
29.110001
29.200001
29.240000
29.340000
28.860001
28.980000
29.120001
28.780001
28.680000
28.980000
28.459999
28.570000
28.950001
28.950001
28.879999
29.090000
28.840000
28.990000
29.320000
29.219999
29.320000
29.170000
28.799999
28.330000
28.290001
28.270000
28.160000
28.129999
28.309999
28.440001
28.410000
28.340000
28.440001
28.809999
28.870001
29.020000
29.049999
28.930000
28.809999
28.700001
28.770000
28.780001
29.120001
28.879999
28.950001
28.700001
28.530001
28.430000
28.379999
27.500000
27.129999
27.270000
27.280001
27.700001
27.510000
27.100000
27.190001
27.139999
26.920000
26.350000
26.360001
26.260000
25.950001
26.330000
26.510000
26.790001
26.740000
26.889999
26.959999
27.129999
27.010000
26.780001
26.510000
26.480000
26.559999
26.690001
26.750000
26.549999
25.930000
26.520000
26.160000
26.360001
26.150000
26.590000
26.629999
26.639999
26.910000
26.440001
25.940001
25.799999
25.540001
25.440001
25.719999
25.670000
25.370001
24.860001
24.450001
24.160000
23.930000
23.430000
23.100000
23.820000
23.709999
23.850000
23.959999
24.180000
24.030001
24.650000
24.920000
25.190001
25.660000
25.770000
25.719999
25.820000
25.959999
26.040001
26.250000
26.420000
26.160000
26.110001
26.260000
26.620001
26.570000
26.730000
26.959999
27.049999
27.129999
27.200001
27.360001
27.200001
27.010000
26.950001
26.700001
27.010000
26.959999
27.049999
27.410000
27.610001
27.889999
27.750000
27.900000
27.879999
27.930000
28.000000
27.850000
27.719999
27.650000
27.629999
27.480000
27.330000
27.320000
27.559999
27.700001
27.850000
27.730000
27.760000
27.959999
27.940001
27.910000
27.860001
27.430000
27.420000
27.620001
27.510000
27.580000
27.639999
28.000000
28.000000
28.030001
28.049999
28.150000
28.360001
28.190001
28.309999
28.260000
28.490000
28.490000
28.520000
28.639999
28.660000
28.660000
28.660000
28.379999
28.350000
28.459999
28.520000
28.549999
28.350000
28.170000
28.379999
28.340000
28.030001
28.070000
28.000000
27.980000
27.629999
27.860001
27.950001
28.150000
28.080000
27.990000
28.250000
28.020000
27.620001
27.830000
27.780001
27.520000
27.440001
27.330000
27.400000
27.799999
27.830000
28.000000
28.150000
28.200001
28.200001
28.000000
28.100000
28.020000
27.850000
28.240000
28.450001
28.770000
28.590000
28.650000
28.440001
28.469999
28.480000
28.620001
28.690001
28.750000
29.000000
28.959999
28.799999
28.889999
28.969999
28.990000
28.990000
28.980000
28.910000
28.870001
28.969999
28.830000
28.830000
28.830000
28.920000
28.639999
28.700001
28.650000
28.580000
28.389999
28.240000
28.059999
27.540001
27.639999
27.830000
28.209999
28.170000
27.910000
28.170000
27.420000
27.360001
27.719999
27.889999
27.700001
27.959999
27.850000
27.420000
27.680000
27.700001
27.860001
28.139999
28.190001
27.990000
28.309999
28.600000
28.629999
28.639999
28.760000
28.820000
28.830000
28.840000
28.980000
29.129999
29.030001
29.160000
29.160000
29.150000
29.040001
29.010000
28.959999
28.879999
28.900000
28.530001
28.080000
28.080000
28.290001
28.219999
27.959999
28.139999
28.309999
28.549999
28.459999
28.559999
28.570000
28.690001
28.590000
28.799999
28.770000
28.750000
28.809999
28.910000
28.900000
28.850000
28.830000
28.780001
29.030001
29.240000
29.230000
29.299999
29.440001
29.459999
29.440001
29.459999
29.549999
29.549999
29.730000
29.760000
29.590000
29.469999
29.530001
29.420000
29.559999
29.620001
29.660000
29.629999
29.440001
29.219999
29.430000
29.400000
29.480000
29.480000
29.480000
29.590000
29.639999
29.680000
29.510000
29.549999
29.540001
29.570000
29.629999
29.629999
29.660000
29.820000
29.809999
29.709999
29.889999
29.980000
29.830000
29.980000
30.010000
29.980000
30.030001
30.010000
30.170000
30.190001
30.350000
30.510000
30.580000
30.590000
30.430000
30.549999
30.410000
30.030001
30.260000
30.100000
30.150000
29.670000
29.620001
30.010000
30.230000
30.370001
30.129999
30.230000
30.430000
30.610001
30.500000
30.610001
30.520000
30.780001
30.740000
30.629999
29.920000
29.290001
29.000000
27.959999
27.590000
28.170000
27.830000
28.340000
27.900000
27.299999
23.910000
24.500000
23.420000
20.299999
22.500000
19.940001
19.559999
18.620001
19.010000
18.760000
17.650000
19.920000
21.080000
21.780001
20.660000
21.209999
21.850000
20.790001
21.170000
21.010000
22.100000
22.260000
22.740000
23.139999
23.200001
23.420000
22.600000
22.440001
23.379999
23.240000
22.490000
23.020000
23.110001
23.410000
23.799999
24.120001
25.110001
24.280001
